<?xml version="1.0" encoding="utf-8"?>
<COLLADA xmlns="http://www.collada.org/2005/11/COLLADASchema" version="1.4.1">
  <asset>
    <contributor>
      <author>Mixamo</author>
      <authoring_tool>COLLADA Mixamo exporter</authoring_tool>
      <comments/>
    </contributor>
    <created>2023-02-02T15:10:47Z</created>
    <modified>2023-02-02T15:10:47Z</modified>
    <revision/>
    <title/>
    <unit meter="0.010000"/>
    <up_axis>Y_UP</up_axis>
  </asset>
  <library_animations>
    <animation id="mixamorig_Hips-anim" name="mixamorig_Hips">
      <source id="mixamorig_Hips-Matrix-animation-input">
        <float_array id="mixamorig_Hips-Matrix-animation-input-array" count="47">

0.000000 0.033333 0.066667 0.100000 0.133333 0.166667 0.200000 0.233333 0.266667 0.300000 0.333333 0.366667 0.400000 0.433333 0.466667 0.500000
0.533333 0.566667 0.600000 0.633333 0.666667 0.700000 0.733333 0.766667 0.800000 0.833333 0.866667 0.900000 0.933333 0.966667 1.000000 1.033333
1.066667 1.100000 1.133333 1.166667 1.200000 1.233333 1.266667 1.300000 1.333333 1.366667 1.400000 1.433333 1.466667 1.500000 1.533333</float_array>
        <technique_common>
          <accessor source="#mixamorig_Hips-Matrix-animation-input-array" count="47">
            <param name="TIME" type="float"/>
          </accessor>
        </technique_common>
      </source>
      <source id="mixamorig_Hips-Matrix-animation-output-transform">
        <float_array id="mixamorig_Hips-Matrix-animation-output-transform-array" count="752">

0.492677 0.034498 0.869528 0.247565 0.116810 0.987549 -0.105365 98.347656 -0.862337 0.153480 0.482513 -1.409917 0.000000 0.000000 0.000000 1.000000
0.507923 0.030778 0.860853 -0.585109 0.103273 0.989978 -0.096328 95.603813 -0.855189 0.137830 0.499654 1.939128 0.000000 0.000000 0.000000 1.000000
0.531004 0.035647 0.846619 -1.113979 0.091565 0.990851 -0.099150 94.022575 -0.842408 0.130170 0.522881 4.526516 0.000000 0.000000 0.000000 1.000000
0.553442 0.047542 0.831530 -1.330521 0.086997 0.989609 -0.114483 93.779366 -0.828332 0.135701 0.543555 6.360104 0.000000 0.000000 0.000000 1.000000
0.572167 0.064501 0.817597 -1.227508 0.091217 0.985712 -0.141599 94.808395 -0.815049 0.155597 0.558108 7.410651 0.000000 0.000000 0.000000 1.000000
0.590773 0.083079 0.802549 -0.819234 0.101231 0.979192 -0.175883 96.637817 -0.800462 0.185150 0.570070 7.826255 0.000000 0.000000 0.000000 1.000000
0.614209 0.100200 0.782756 -0.083434 0.109526 0.971482 -0.210302 98.521805 -0.781505 0.214902 0.585719 7.712003 0.000000 0.000000 0.000000 1.000000
0.642882 0.115088 0.757270 0.932150 0.108548 0.964981 -0.238807 99.968925 -0.758235 0.235725 0.607876 7.248222 0.000000 0.000000 0.000000 1.000000
0.673127 0.127793 0.728402 2.069120 0.096932 0.961212 -0.258215 100.958038 -0.733147 0.244417 0.634631 6.681270 0.000000 0.000000 0.000000 1.000000
0.701284 0.137409 0.699514 3.212015 0.079259 0.960135 -0.268063 101.664436 -0.708462 0.243431 0.662437 6.173724 0.000000 0.000000 0.000000 1.000000
0.725865 0.141881 0.673045 4.316737 0.063457 0.960509 -0.270916 102.239319 -0.684904 0.239358 0.688196 5.773879 0.000000 0.000000 0.000000 1.000000
0.747216 0.140353 0.649592 5.343968 0.056767 0.960394 -0.272804 102.798462 -0.662153 0.240719 0.709654 5.460149 0.000000 0.000000 0.000000 1.000000
0.766538 0.134880 0.627874 6.254842 0.060809 0.958058 -0.280048 103.401772 -0.639313 0.252848 0.726186 5.151468 0.000000 0.000000 0.000000 1.000000
0.785474 0.128183 0.605475 7.063269 0.070334 0.953490 -0.293103 104.022980 -0.614885 0.272810 0.739926 4.737684 0.000000 0.000000 0.000000 1.000000
0.805888 0.120531 0.579669 7.843250 0.077420 0.949200 -0.305002 104.603271 -0.586984 0.290675 0.755617 4.155465 0.000000 0.000000 0.000000 1.000000
0.828807 0.110774 0.548460 8.661875 0.077202 0.948192 -0.308174 105.111404 -0.554183 0.297759 0.777316 3.419101 0.000000 0.000000 0.000000 1.000000
0.853306 0.098873 0.511951 9.506774 0.071093 0.950625 -0.302090 105.587708 -0.516541 0.294171 0.804144 2.597878 0.000000 0.000000 0.000000 1.000000
0.876977 0.086968 0.472597 10.334366 0.063172 0.954086 -0.292796 106.080124 -0.476362 0.286630 0.831218 1.737961 0.000000 0.000000 0.000000 1.000000
0.897724 0.076874 0.433800 11.100821 0.056074 0.956712 -0.285582 106.556648 -0.436975 0.280699 0.854553 0.865297 0.000000 0.000000 0.000000 1.000000
0.914692 0.067513 0.398472 11.804651 0.051237 0.958622 -0.280033 106.946175 -0.400890 0.276561 0.873385 -0.021757 0.000000 0.000000 0.000000 1.000000
0.927788 0.055828 0.368907 12.426441 0.050508 0.960848 -0.272435 107.218048 -0.369673 0.271394 0.888643 -0.909624 0.000000 0.000000 0.000000 1.000000
0.937256 0.042478 0.346045 12.931200 0.052667 0.963909 -0.260970 107.498108 -0.344641 0.262821 0.901192 -1.811168 0.000000 0.000000 0.000000 1.000000
0.943598 0.031509 0.329589 13.297386 0.054086 0.967420 -0.247333 107.813652 -0.326645 0.251209 0.911152 -2.756674 0.000000 0.000000 0.000000 1.000000
0.947482 0.024970 0.318833 13.502139 0.053248 0.970714 -0.234262 108.208130 -0.315345 0.238936 0.918404 -3.762308 0.000000 0.000000 0.000000 1.000000
0.949481 0.022607 0.313010 13.551817 0.050418 0.973458 -0.223245 108.648346 -0.309749 0.227748 0.923139 -4.837819 0.000000 0.000000 0.000000 1.000000
0.949968 0.023940 0.311430 13.467755 0.045815 0.975595 -0.214746 109.051636 -0.308970 0.218270 0.925687 -5.979589 0.000000 0.000000 0.000000 1.000000
0.949212 0.029525 0.313249 13.267452 0.038606 0.977135 -0.209084 109.333099 -0.312260 0.210558 0.926369 -7.171405 0.000000 0.000000 0.000000 1.000000
0.947323 0.040201 0.317748 12.975309 0.027674 0.978107 -0.206253 109.448853 -0.319083 0.204182 0.925471 -8.384018 0.000000 0.000000 0.000000 1.000000
0.943820 0.053451 0.326109 12.602161 0.015858 0.978370 -0.206255 109.380478 -0.330080 0.199839 0.922557 -9.566076 0.000000 0.000000 0.000000 1.000000
0.937536 0.067031 0.341368 12.192921 0.006760 0.977566 -0.210522 109.061272 -0.347821 0.199680 0.916050 -10.677485 0.000000 0.000000 0.000000 1.000000
0.926996 0.079218 0.366611 11.754138 0.003921 0.975341 -0.220670 108.607300 -0.375051 0.205998 0.903826 -11.719447 0.000000 0.000000 0.000000 1.000000
0.911844 0.087800 0.401039 11.232643 0.009346 0.972170 -0.234089 108.362045 -0.410431 0.217201 0.885647 -12.741180 0.000000 0.000000 0.000000 1.000000
0.894643 0.092112 0.437184 10.651901 0.019165 0.969704 -0.243529 108.348724 -0.446371 0.226250 0.865774 -13.784094 0.000000 0.000000 0.000000 1.000000
0.879874 0.092153 0.466186 10.013127 0.027585 0.969458 -0.243700 108.222458 -0.474405 0.227285 0.850459 -14.746185 0.000000 0.000000 0.000000 1.000000
0.869371 0.091102 0.485690 9.340460 0.030224 0.971217 -0.236273 107.713249 -0.493235 0.220088 0.841594 -15.520790 0.000000 0.000000 0.000000 1.000000
0.858049 0.085459 0.506408 8.490274 0.037315 0.973078 -0.227437 106.395523 -0.512211 0.214048 0.831759 -15.933800 0.000000 0.000000 0.000000 1.000000
0.837291 0.074415 0.541670 7.355443 0.057466 0.973230 -0.222533 104.320618 -0.543729 0.217453 0.810600 -15.783838 0.000000 0.000000 0.000000 1.000000
0.804360 0.073523 0.589575 6.220767 0.075022 0.971803 -0.223542 103.055336 -0.589386 0.224040 0.776164 -15.315658 0.000000 0.000000 0.000000 1.000000
0.763397 0.083780 0.640473 5.216203 0.086420 0.969391 -0.229811 102.657478 -0.640122 0.230786 0.732790 -14.479940 0.000000 0.000000 0.000000 1.000000
0.722652 0.101848 0.683667 4.367943 0.090251 0.966715 -0.239411 103.027061 -0.685294 0.234713 0.689407 -13.402720 0.000000 0.000000 0.000000 1.000000
0.686611 0.109745 0.718694 3.500812 0.098502 0.965384 -0.241520 103.868660 -0.720321 0.236623 0.652033 -12.219276 0.000000 0.000000 0.000000 1.000000
0.652738 0.113421 0.749046 2.675028 0.106341 0.965223 -0.238823 104.632111 -0.750083 0.235543 0.617976 -11.009667 0.000000 0.000000 0.000000 1.000000
0.619406 0.111700 0.777084 1.900522 0.111169 0.967373 -0.227664 104.686737 -0.777160 0.227404 0.586779 -9.652741 0.000000 0.000000 0.000000 1.000000
0.587622 0.104842 0.802315 1.240410 0.108665 0.972362 -0.206650 103.711327 -0.801806 0.208616 0.559988 -8.023009 0.000000 0.000000 0.000000 1.000000
0.557010 0.091073 0.825497 0.671444 0.104615 0.978358 -0.178527 102.078384 -0.823891 0.185801 0.535427 -6.034296 0.000000 0.000000 0.000000 1.000000
0.525986 0.065605 0.847959 0.382240 0.107886 0.983820 -0.143037 100.151955 -0.843623 0.166718 0.510397 -3.734267 0.000000 0.000000 0.000000 1.000000
0.492677 0.034498 0.869528 0.247565 0.116810 0.987549 -0.105365 98.347649 -0.862337 0.153480 0.482514 -1.409918 0.000000 0.000000 0.000000 1.000000</float_array>
        <technique_common>
          <accessor source="#mixamorig_Hips-Matrix-animation-output-transform-array" count="47" stride="16">
            <param type="float4x4"/>
          </accessor>
        </technique_common>
      </source>
      <source id="mixamorig_Hips-Interpolations">
        <Name_array id="mixamorig_Hips-Interpolations-array" count="47">
 LINEAR LINEAR LINEAR LINEAR LINEAR LINEAR LINEAR LINEAR LINEAR LINEAR LINEAR
LINEAR LINEAR LINEAR LINEAR LINEAR LINEAR LINEAR LINEAR LINEAR LINEAR LINEAR LINEAR
LINEAR LINEAR LINEAR LINEAR LINEAR LINEAR LINEAR LINEAR LINEAR LINEAR LINEAR LINEAR
LINEAR LINEAR LINEAR LINEAR LINEAR LINEAR LINEAR LINEAR LINEAR LINEAR LINEAR LINEAR</Name_array>
        <technique_common>
          <accessor source="#mixamorig_Hips-Interpolations-array" count="47">
            <param type="name"/>
          </accessor>
        </technique_common>
      </source>
      <sampler id="mixamorig_Hips-Matrix-animation-transform">
        <input semantic="INPUT" source="#mixamorig_Hips-Matrix-animation-input"/>
        <input semantic="OUTPUT" source="#mixamorig_Hips-Matrix-animation-output-transform"/>
        <input semantic="INTERPOLATION" source="#mixamorig_Hips-Interpolations"/>
      </sampler>
      <channel source="#mixamorig_Hips-Matrix-animation-transform" target="mixamorig_Hips/matrix"/>
    </animation>
    <animation id="mixamorig_Spine-anim" name="mixamorig_Spine">
      <source id="mixamorig_Spine-Matrix-animation-input">
        <float_array id="mixamorig_Spine-Matrix-animation-input-array" count="47">

0.000000 0.033333 0.066667 0.100000 0.133333 0.166667 0.200000 0.233333 0.266667 0.300000 0.333333 0.366667 0.400000 0.433333 0.466667 0.500000
0.533333 0.566667 0.600000 0.633333 0.666667 0.700000 0.733333 0.766667 0.800000 0.833333 0.866667 0.900000 0.933333 0.966667 1.000000 1.033333
1.066667 1.100000 1.133333 1.166667 1.200000 1.233333 1.266667 1.300000 1.333333 1.366667 1.400000 1.433333 1.466667 1.500000 1.533333</float_array>
        <technique_common>
          <accessor source="#mixamorig_Spine-Matrix-animation-input-array" count="47">
            <param name="TIME" type="float"/>
          </accessor>
        </technique_common>
      </source>
      <source id="mixamorig_Spine-Matrix-animation-output-transform">
        <float_array id="mixamorig_Spine-Matrix-animation-output-transform-array" count="752">

0.998249 -0.047298 -0.035536 0.072000 0.042720 0.991843 -0.120090 7.257300 0.040926 0.118362 0.992127 -0.789700 0.000000 0.000000 0.000000 1.000000
0.998010 -0.050804 -0.037345 0.072000 0.045919 0.991506 -0.121685 7.257300 0.043210 0.119728 0.991866 -0.789700 0.000000 0.000000 0.000000 1.000000
0.997961 -0.048162 -0.041880 0.072000 0.042725 0.991583 -0.122219 7.257300 0.047414 0.120181 0.991619 -0.789700 0.000000 0.000000 0.000000 1.000000
0.997861 -0.042132 -0.049989 0.072000 0.035777 0.991904 -0.121842 7.257300 0.054718 0.119793 0.991290 -0.789700 0.000000 0.000000 0.000000 1.000000
0.997462 -0.037875 -0.060295 0.072000 0.030384 0.992232 -0.120635 7.257300 0.064395 0.118497 0.990864 -0.789700 0.000000 0.000000 0.000000 1.000000
0.996764 -0.038751 -0.070433 0.072000 0.030188 0.992457 -0.118815 7.257300 0.074506 0.116304 0.990415 -0.789700 0.000000 0.000000 0.000000 1.000000
0.995908 -0.045679 -0.077981 0.072000 0.036366 0.992473 -0.116937 7.257300 0.082736 0.113623 0.990073 -0.789700 0.000000 0.000000 0.000000 1.000000
0.994965 -0.058250 -0.081558 0.072000 0.048599 0.992096 -0.115684 7.257300 0.087652 0.111138 0.989932 -0.789700 0.000000 0.000000 0.000000 1.000000
0.993886 -0.074039 -0.081909 0.072000 0.064338 0.991242 -0.115327 7.257300 0.089730 0.109352 0.989945 -0.789700 0.000000 0.000000 0.000000 1.000000
0.992637 -0.090042 -0.081015 0.072000 0.080356 0.990021 -0.115762 7.257300 0.090630 0.108400 0.989967 -0.789700 0.000000 0.000000 0.000000 1.000000
0.991390 -0.103020 -0.080832 0.072000 0.093255 0.988806 -0.116471 7.257300 0.091926 0.107931 0.989899 -0.789700 0.000000 0.000000 0.000000 1.000000
0.990510 -0.110028 -0.082365 0.072000 0.100097 0.988159 -0.116285 7.257300 0.094184 0.106937 0.989795 -0.789700 0.000000 0.000000 0.000000 1.000000
0.990235 -0.110405 -0.085121 0.072000 0.100405 0.988399 -0.113953 7.257300 0.096715 0.104294 0.989833 -0.789700 0.000000 0.000000 0.000000 1.000000
0.990435 -0.106650 -0.087551 0.072000 0.096845 0.989259 -0.109486 7.257300 0.098287 0.099960 0.990125 -0.789700 0.000000 0.000000 0.000000 1.000000
0.990788 -0.102818 -0.088139 0.072000 0.093454 0.990125 -0.104490 7.257300 0.098012 0.095291 0.990613 -0.789700 0.000000 0.000000 0.000000 1.000000
0.991034 -0.101981 -0.086326 0.072000 0.093160 0.990546 -0.100697 7.257300 0.095779 0.091752 0.991165 -0.789700 0.000000 0.000000 0.000000 1.000000
0.991151 -0.103751 -0.082799 0.072000 0.095471 0.990559 -0.098382 7.257300 0.092224 0.089607 0.991698 -0.789700 0.000000 0.000000 0.000000 1.000000
0.991247 -0.106078 -0.078590 0.072000 0.098327 0.990446 -0.096687 7.257300 0.088095 0.088114 0.992207 -0.789700 0.000000 0.000000 0.000000 1.000000
0.991398 -0.107831 -0.074179 0.072000 0.100610 0.990378 -0.095026 7.257300 0.083712 0.086745 0.992707 -0.789700 0.000000 0.000000 0.000000 1.000000
0.991625 -0.108709 -0.069734 0.072000 0.101986 0.990368 -0.093650 7.257300 0.079243 0.085754 0.993160 -0.789700 0.000000 0.000000 0.000000 1.000000
0.991988 -0.107688 -0.066055 0.072000 0.101332 0.990496 -0.093005 7.257300 0.075443 0.085567 0.993472 -0.789700 0.000000 0.000000 0.000000 1.000000
0.992419 -0.105236 -0.063477 0.072000 0.099094 0.990706 -0.093178 7.257300 0.072693 0.086181 0.993624 -0.789700 0.000000 0.000000 0.000000 1.000000
0.992812 -0.102584 -0.061649 0.072000 0.096556 0.990891 -0.093875 7.257300 0.070717 0.087248 0.993673 -0.789700 0.000000 0.000000 0.000000 1.000000
0.993270 -0.098938 -0.060219 0.072000 0.092976 0.991141 -0.094846 7.257300 0.069070 0.088609 0.993669 -0.789700 0.000000 0.000000 0.000000 1.000000
0.993928 -0.093043 -0.058740 0.072000 0.087128 0.991532 -0.096297 7.257300 0.067202 0.090594 0.993618 -0.789700 0.000000 0.000000 0.000000 1.000000
0.994781 -0.084633 -0.056995 0.072000 0.078759 0.992023 -0.098421 7.257300 0.064870 0.093419 0.993511 -0.789700 0.000000 0.000000 0.000000 1.000000
0.995680 -0.074639 -0.055236 0.072000 0.068815 0.992531 -0.100735 7.257300 0.062342 0.096499 0.993379 -0.789700 0.000000 0.000000 0.000000 1.000000
0.996438 -0.064978 -0.053753 0.072000 0.059240 0.992999 -0.102195 7.257300 0.060017 0.098647 0.993311 -0.789700 0.000000 0.000000 0.000000 1.000000
0.997023 -0.055947 -0.053061 0.072000 0.050333 0.993531 -0.101796 7.257300 0.058413 0.098822 0.993389 -0.789700 0.000000 0.000000 0.000000 1.000000
0.997402 -0.049130 -0.052682 0.072000 0.043716 0.994086 -0.099408 7.257300 0.057255 0.096847 0.993651 -0.789700 0.000000 0.000000 0.000000 1.000000
0.997605 -0.045353 -0.052234 0.072000 0.040192 0.994575 -0.095940 7.257300 0.056302 0.093611 0.994016 -0.789700 0.000000 0.000000 0.000000 1.000000
0.997737 -0.042088 -0.052443 0.072000 0.037082 0.994972 -0.093034 7.257300 0.056095 0.090879 0.994281 -0.789700 0.000000 0.000000 0.000000 1.000000
0.997910 -0.035989 -0.053662 0.072000 0.030928 0.995248 -0.092326 7.257300 0.056730 0.090474 0.994282 -0.789700 0.000000 0.000000 0.000000 1.000000
0.998138 -0.023974 -0.056080 0.072000 0.018618 0.995383 -0.094157 7.257300 0.058078 0.092937 0.993977 -0.789700 0.000000 0.000000 0.000000 1.000000
0.998242 -0.008498 -0.058655 0.072000 0.002747 0.995239 -0.097428 7.257300 0.059204 0.097095 0.993513 -0.789700 0.000000 0.000000 0.000000 1.000000
0.997870 0.011956 -0.064136 0.072000 -0.018368 0.994785 -0.100330 7.257300 0.062602 0.101295 0.992885 -0.789700 0.000000 0.000000 0.000000 1.000000
0.996573 0.035579 -0.074680 0.072000 -0.043087 0.993905 -0.101468 7.257300 0.070614 0.104338 0.992032 -0.789700 0.000000 0.000000 0.000000 1.000000
0.995504 0.045133 -0.083279 0.072000 -0.053533 0.993388 -0.101564 7.257300 0.078145 0.105566 0.991337 -0.789700 0.000000 0.000000 0.000000 1.000000
0.995185 0.041753 -0.088671 0.072000 -0.050726 0.993544 -0.101479 7.257300 0.083862 0.105488 0.990878 -0.789700 0.000000 0.000000 0.000000 1.000000
0.995609 0.029050 -0.088993 0.072000 -0.038149 0.994021 -0.102313 7.257300 0.085489 0.105258 0.990764 -0.789700 0.000000 0.000000 0.000000 1.000000
0.996409 0.013722 -0.083552 0.072000 -0.022448 0.994281 -0.104410 7.257300 0.081642 0.105910 0.991018 -0.789700 0.000000 0.000000 0.000000 1.000000
0.997267 -0.002016 -0.073854 0.072000 -0.005938 0.994207 -0.107318 7.257300 0.073643 0.107463 0.991478 -0.789700 0.000000 0.000000 0.000000 1.000000
0.997905 -0.016297 -0.062610 0.072000 0.009312 0.993857 -0.110283 7.257300 0.064023 0.109469 0.991926 -0.789700 0.000000 0.000000 0.000000 1.000000
0.998215 -0.029544 -0.051899 0.072000 0.023520 0.993310 -0.113062 7.257300 0.054892 0.111639 0.992232 -0.789700 0.000000 0.000000 0.000000 1.000000
0.998270 -0.038731 -0.044227 0.072000 0.033399 0.992745 -0.115511 7.257300 0.048380 0.113834 0.992321 -0.789700 0.000000 0.000000 0.000000 1.000000
0.998265 -0.043705 -0.039447 0.072000 0.038787 0.992276 -0.117833 7.257300 0.044293 0.116098 0.992250 -0.789700 0.000000 0.000000 0.000000 1.000000
0.998249 -0.047298 -0.035536 0.072000 0.042720 0.991843 -0.120090 7.257300 0.040926 0.118362 0.992127 -0.789700 0.000000 0.000000 0.000000 1.000000</float_array>
        <technique_common>
          <accessor source="#mixamorig_Spine-Matrix-animation-output-transform-array" count="47" stride="16">
            <param type="float4x4"/>
          </accessor>
        </technique_common>
      </source>
      <source id="mixamorig_Spine-Interpolations">
        <Name_array id="mixamorig_Spine-Interpolations-array" count="47">
 LINEAR LINEAR LINEAR LINEAR LINEAR LINEAR LINEAR LINEAR LINEAR LINEAR LINEAR
LINEAR LINEAR LINEAR LINEAR LINEAR LINEAR LINEAR LINEAR LINEAR LINEAR LINEAR LINEAR
LINEAR LINEAR LINEAR LINEAR LINEAR LINEAR LINEAR LINEAR LINEAR LINEAR LINEAR LINEAR
LINEAR LINEAR LINEAR LINEAR LINEAR LINEAR LINEAR LINEAR LINEAR LINEAR LINEAR LINEAR</Name_array>
        <technique_common>
          <accessor source="#mixamorig_Spine-Interpolations-array" count="47">
            <param type="name"/>
          </accessor>
        </technique_common>
      </source>
      <sampler id="mixamorig_Spine-Matrix-animation-transform">
        <input semantic="INPUT" source="#mixamorig_Spine-Matrix-animation-input"/>
        <input semantic="OUTPUT" source="#mixamorig_Spine-Matrix-animation-output-transform"/>
        <input semantic="INTERPOLATION" source="#mixamorig_Spine-Interpolations"/>
      </sampler>
      <channel source="#mixamorig_Spine-Matrix-animation-transform" target="mixamorig_Spine/matrix"/>
    </animation>
    <animation id="mixamorig_Spine1-anim" name="mixamorig_Spine1">
      <source id="mixamorig_Spine1-Matrix-animation-input">
        <float_array id="mixamorig_Spine1-Matrix-animation-input-array" count="47">

0.000000 0.033333 0.066667 0.100000 0.133333 0.166667 0.200000 0.233333 0.266667 0.300000 0.333333 0.366667 0.400000 0.433333 0.466667 0.500000
0.533333 0.566667 0.600000 0.633333 0.666667 0.700000 0.733333 0.766667 0.800000 0.833333 0.866667 0.900000 0.933333 0.966667 1.000000 1.033333
1.066667 1.100000 1.133333 1.166667 1.200000 1.233333 1.266667 1.300000 1.333333 1.366667 1.400000 1.433333 1.466667 1.500000 1.533333</float_array>
        <technique_common>
          <accessor source="#mixamorig_Spine1-Matrix-animation-input-array" count="47">
            <param name="TIME" type="float"/>
          </accessor>
        </technique_common>
      </source>
      <source id="mixamorig_Spine1-Matrix-animation-output-transform">
        <float_array id="mixamorig_Spine1-Matrix-animation-output-transform-array" count="752">

0.995747 -0.054888 -0.073992 0.000000 0.019763 0.911712 -0.410353 8.558700 0.089983 0.407146 0.908920 0.000000 0.000000 0.000000 0.000000 1.000000
0.995303 -0.066831 -0.070034 -0.000000 0.032126 0.910489 -0.412283 8.558700 0.091318 0.408097 0.908360 0.000000 0.000000 0.000000 0.000000 1.000000
0.994637 -0.074122 -0.072135 0.000000 0.037789 0.909650 -0.413653 8.558700 0.096278 0.408709 0.907572 0.000000 0.000000 0.000000 0.000000 1.000000
0.993560 -0.077793 -0.082380 -0.000000 0.036883 0.909509 -0.414044 8.558700 0.107135 0.408339 0.906521 0.000000 0.000000 0.000000 0.000000 1.000000
0.991791 -0.080328 -0.099489 0.000000 0.032329 0.910297 -0.412692 8.558700 0.123715 0.406087 0.905421 0.000000 0.000000 0.000000 0.000000 1.000000
0.989288 -0.084976 -0.118691 -0.000000 0.029187 0.911825 -0.409541 8.558700 0.143026 0.401690 0.904538 0.000000 0.000000 0.000000 0.000000 1.000000
0.986379 -0.093928 -0.135031 -0.000000 0.031437 0.913443 -0.405751 8.558700 0.161454 0.395979 0.903954 0.000000 0.000000 0.000000 0.000000 1.000000
0.983485 -0.107079 -0.145918 0.000000 0.039808 0.914446 -0.402744 8.558700 0.176559 0.390284 0.903607 0.000000 0.000000 0.000000 0.000000 1.000000
0.980849 -0.122475 -0.151440 0.000000 0.052232 0.914470 -0.401268 8.558700 0.187633 0.385673 0.903355 0.000000 0.000000 0.000000 0.000000 1.000000
0.978494 -0.137757 -0.153536 -0.000000 0.065636 0.913561 -0.401370 8.558700 0.195556 0.382661 0.902955 0.000000 0.000000 0.000000 0.000000 1.000000
0.976333 -0.150925 -0.154908 0.000000 0.077199 0.912269 -0.402251 8.558700 0.202027 0.380772 0.902329 0.000000 0.000000 0.000000 0.000000 1.000000
0.974352 -0.160551 -0.157675 0.000000 0.085204 0.911733 -0.401850 8.558700 0.208275 0.378109 0.902028 0.000000 0.000000 0.000000 0.000000 1.000000
0.972676 -0.166143 -0.162166 0.000000 0.089631 0.913062 -0.397849 8.558700 0.214168 0.372444 0.903005 0.000000 0.000000 0.000000 0.000000 1.000000
0.971538 -0.168143 -0.166860 -0.000000 0.091587 0.916240 -0.390021 8.558700 0.218463 0.363638 0.905562 -0.000000 0.000000 0.000000 0.000000 1.000000
0.971199 -0.167266 -0.169692 -0.000000 0.091901 0.920035 -0.380905 8.558700 0.219835 0.354340 0.908909 0.000000 0.000000 0.000000 0.000000 1.000000
0.971760 -0.164073 -0.169595 0.000000 0.090705 0.923215 -0.373426 8.558700 0.217842 0.347497 0.912026 0.000000 0.000000 0.000000 0.000000 1.000000
0.973000 -0.159348 -0.166968 -0.000000 0.088368 0.925497 -0.368303 8.558700 0.213217 0.343605 0.914590 0.000000 0.000000 0.000000 0.000000 1.000000
0.974505 -0.154218 -0.162962 -0.000000 0.085831 0.927319 -0.364297 8.558700 0.207299 0.341022 0.916914 -0.000000 0.000000 0.000000 0.000000 1.000000
0.976024 -0.149134 -0.158544 0.000000 0.083419 0.929067 -0.360383 8.558700 0.201043 0.338517 0.919232 0.000000 0.000000 0.000000 0.000000 1.000000
0.977597 -0.143306 -0.154169 0.000000 0.080146 0.930695 -0.356908 8.558700 0.194632 0.336556 0.921330 0.000000 0.000000 0.000000 0.000000 1.000000
0.979256 -0.136171 -0.150047 0.000000 0.075224 0.931913 -0.354795 8.558700 0.188144 0.336148 0.922825 0.000000 0.000000 0.000000 0.000000 1.000000
0.980818 -0.128814 -0.146295 0.000000 0.069621 0.932526 -0.354327 8.558700 0.182067 0.337345 0.923607 0.000000 0.000000 0.000000 0.000000 1.000000
0.982131 -0.122655 -0.142739 -0.000000 0.064864 0.932588 -0.355066 8.558700 0.176668 0.339463 0.923880 -0.000000 0.000000 0.000000 0.000000 1.000000
0.983370 -0.117013 -0.138894 0.000000 0.060551 0.932258 -0.356690 8.558700 0.171223 0.342348 0.923840 0.000000 0.000000 0.000000 0.000000 1.000000
0.984887 -0.109290 -0.134362 0.000000 0.054331 0.931569 -0.359483 8.558700 0.164455 0.346750 0.923428 0.000000 0.000000 0.000000 0.000000 1.000000
0.986758 -0.098169 -0.129119 0.000000 0.044987 0.930458 -0.363626 8.558700 0.155837 0.353002 0.922553 0.000000 0.000000 0.000000 0.000000 1.000000
0.988654 -0.085599 -0.123432 0.000000 0.034469 0.929095 -0.368231 8.558700 0.146200 0.359799 0.921504 0.000000 0.000000 0.000000 0.000000 1.000000
0.990220 -0.074773 -0.117782 0.000000 0.025903 0.928100 -0.371429 8.558700 0.137087 0.364745 0.920960 -0.000000 0.000000 0.000000 0.000000 1.000000
0.991353 -0.066782 -0.112957 -0.000000 0.020215 0.928257 -0.371391 8.558700 0.129656 0.365896 0.921580 0.000000 0.000000 0.000000 0.000000 1.000000
0.992121 -0.060019 -0.109973 -0.000000 0.015524 0.929909 -0.367463 8.558700 0.124320 0.362861 0.923513 0.000000 0.000000 0.000000 0.000000 1.000000
0.992590 -0.052392 -0.109637 0.000000 0.009347 0.932519 -0.360999 8.558700 0.121153 0.357300 0.926099 0.000000 0.000000 0.000000 0.000000 1.000000
0.992801 -0.042983 -0.111799 0.000000 0.000455 0.934741 -0.355331 8.558700 0.119776 0.352722 0.928031 0.000000 0.000000 0.000000 0.000000 1.000000
0.992877 -0.031878 -0.114797 0.000000 -0.010905 0.935179 -0.354006 8.558700 0.118641 0.352737 0.928171 0.000000 0.000000 0.000000 0.000000 1.000000
0.993023 -0.019910 -0.116224 0.000000 -0.023196 0.933402 -0.358082 8.558700 0.115613 0.358280 0.926428 0.000000 0.000000 0.000000 0.000000 1.000000
0.993303 -0.009067 -0.115186 0.000000 -0.033868 0.930279 -0.365286 8.558700 0.110467 0.366741 0.923741 0.000000 0.000000 0.000000 0.000000 1.000000
0.993496 -0.002407 -0.113840 0.000000 -0.040418 0.927218 -0.372336 8.558700 0.106451 0.374515 0.921090 0.000000 0.000000 0.000000 0.000000 1.000000
0.993290 -0.001935 -0.115635 0.000000 -0.042081 0.925278 -0.376949 8.558700 0.107724 0.379285 0.918988 0.000000 0.000000 0.000000 0.000000 1.000000
0.992568 -0.007177 -0.121480 0.000000 -0.039661 0.924677 -0.378681 8.558700 0.115048 0.380685 0.917520 0.000000 0.000000 0.000000 0.000000 1.000000
0.991597 -0.016078 -0.128363 0.000000 -0.034055 0.924808 -0.378908 8.558700 0.124803 0.380095 0.916489 -0.000000 0.000000 0.000000 0.000000 1.000000
0.990962 -0.024172 -0.131946 -0.000000 -0.027983 0.924740 -0.379568 8.558700 0.131190 0.379830 0.915706 -0.000000 0.000000 0.000000 0.000000 1.000000
0.991016 -0.029915 -0.130353 0.000000 -0.022329 0.923974 -0.381803 8.558700 0.131865 0.381283 0.915005 0.000000 0.000000 0.000000 0.000000 1.000000
0.991616 -0.034706 -0.124469 0.000000 -0.016097 0.922574 -0.385484 8.558700 0.128211 0.384256 0.914281 0.000000 0.000000 0.000000 0.000000 1.000000
0.992507 -0.038786 -0.115868 0.000000 -0.009542 0.920783 -0.389958 8.558700 0.121814 0.388141 0.913514 -0.000000 0.000000 0.000000 0.000000 1.000000
0.993474 -0.042495 -0.105843 0.000000 -0.002767 0.918745 -0.394843 8.558700 0.114021 0.392559 0.912632 -0.000000 0.000000 0.000000 0.000000 1.000000
0.994384 -0.046167 -0.095236 0.000000 0.004248 0.916527 -0.399950 8.558700 0.105751 0.397299 0.911576 0.000000 0.000000 0.000000 0.000000 1.000000
0.995153 -0.050245 -0.084535 -0.000000 0.011734 0.914151 -0.405203 8.558700 0.097637 0.402247 0.910310 0.000000 0.000000 0.000000 0.000000 1.000000
0.995747 -0.054888 -0.073992 0.000000 0.019763 0.911712 -0.410353 8.558700 0.089983 0.407146 0.908920 0.000000 0.000000 0.000000 0.000000 1.000000</float_array>
        <technique_common>
          <accessor source="#mixamorig_Spine1-Matrix-animation-output-transform-array" count="47" stride="16">
            <param type="float4x4"/>
          </accessor>
        </technique_common>
      </source>
      <source id="mixamorig_Spine1-Interpolations">
        <Name_array id="mixamorig_Spine1-Interpolations-array" count="47">
 LINEAR LINEAR LINEAR LINEAR LINEAR LINEAR LINEAR LINEAR LINEAR LINEAR LINEAR
LINEAR LINEAR LINEAR LINEAR LINEAR LINEAR LINEAR LINEAR LINEAR LINEAR LINEAR LINEAR
LINEAR LINEAR LINEAR LINEAR LINEAR LINEAR LINEAR LINEAR LINEAR LINEAR LINEAR LINEAR
LINEAR LINEAR LINEAR LINEAR LINEAR LINEAR LINEAR LINEAR LINEAR LINEAR LINEAR LINEAR</Name_array>
        <technique_common>
          <accessor source="#mixamorig_Spine1-Interpolations-array" count="47">
            <param type="name"/>
          </accessor>
        </technique_common>
      </source>
      <sampler id="mixamorig_Spine1-Matrix-animation-transform">
        <input semantic="INPUT" source="#mixamorig_Spine1-Matrix-animation-input"/>
        <input semantic="OUTPUT" source="#mixamorig_Spine1-Matrix-animation-output-transform"/>
        <input semantic="INTERPOLATION" source="#mixamorig_Spine1-Interpolations"/>
      </sampler>
      <channel source="#mixamorig_Spine1-Matrix-animation-transform" target="mixamorig_Spine1/matrix"/>
    </animation>
    <animation id="mixamorig_Spine2-anim" name="mixamorig_Spine2">
      <source id="mixamorig_Spine2-Matrix-animation-input">
        <float_array id="mixamorig_Spine2-Matrix-animation-input-array" count="47">

0.000000 0.033333 0.066667 0.100000 0.133333 0.166667 0.200000 0.233333 0.266667 0.300000 0.333333 0.366667 0.400000 0.433333 0.466667 0.500000
0.533333 0.566667 0.600000 0.633333 0.666667 0.700000 0.733333 0.766667 0.800000 0.833333 0.866667 0.900000 0.933333 0.966667 1.000000 1.033333
1.066667 1.100000 1.133333 1.166667 1.200000 1.233333 1.266667 1.300000 1.333333 1.366667 1.400000 1.433333 1.466667 1.500000 1.533333</float_array>
        <technique_common>
          <accessor source="#mixamorig_Spine2-Matrix-animation-input-array" count="47">
            <param name="TIME" type="float"/>
          </accessor>
        </technique_common>
      </source>
      <source id="mixamorig_Spine2-Matrix-animation-output-transform">
        <float_array id="mixamorig_Spine2-Matrix-animation-output-transform-array" count="752">

0.996045 -0.060226 -0.065317 0.000000 0.020016 0.868394 -0.495470 29.149500 0.086561 0.492203 0.866166 1.721100 0.000000 0.000000 0.000000 1.000000
0.995668 -0.071432 -0.059523 -0.000000 0.032461 0.866925 -0.497381 29.149500 0.087131 0.493294 0.865488 1.721100 0.000000 0.000000 0.000000 1.000000
0.995008 -0.078905 -0.061101 0.000000 0.038049 0.865962 -0.498661 29.149500 0.092258 0.493846 0.864641 1.721100 0.000000 0.000000 0.000000 1.000000
0.993935 -0.083609 -0.071428 -0.000000 0.036966 0.865787 -0.499046 29.149500 0.103566 0.493379 0.863627 1.721100 0.000000 0.000000 0.000000 1.000000
0.992212 -0.087686 -0.088464 -0.000000 0.032199 0.866645 -0.497885 29.149500 0.120324 0.491159 0.862719 1.721100 0.000000 0.000000 0.000000 1.000000
0.989808 -0.093908 -0.107054 0.000000 0.028837 0.868356 -0.495102 29.149500 0.139455 0.486969 0.862214 1.721100 0.000000 0.000000 0.000000 1.000000
0.987023 -0.104102 -0.122264 0.000000 0.030870 0.870202 -0.491727 29.149500 0.157584 0.481571 0.862123 1.721100 0.000000 0.000000 0.000000 1.000000
0.984246 -0.118006 -0.131658 -0.000000 0.039054 0.871376 -0.489059 29.149500 0.172436 0.476213 0.862257 1.721100 0.000000 0.000000 0.000000 1.000000
0.981722 -0.133695 -0.135456 0.000000 0.051369 0.871438 -0.487808 29.149500 0.183259 0.471934 0.862377 1.721100 0.000000 0.000000 0.000000 1.000000
0.979477 -0.148989 -0.135747 0.000000 0.064762 0.870417 -0.488038 29.149500 0.190869 0.469231 0.862202 1.721100 0.000000 0.000000 0.000000 1.000000
0.977410 -0.162150 -0.135565 -0.000000 0.076339 0.868956 -0.488966 29.149500 0.197086 0.467571 0.861704 1.721100 0.000000 0.000000 0.000000 1.000000
0.975464 -0.171971 -0.137462 0.000000 0.084253 0.868442 -0.488579 29.149500 0.203399 0.465010 0.861623 1.721100 0.000000 0.000000 0.000000 1.000000
0.973734 -0.178003 -0.141978 0.000000 0.088421 0.870240 -0.484629 29.149500 0.209821 0.459345 0.863121 1.721100 0.000000 0.000000 0.000000 1.000000
0.972462 -0.180533 -0.147396 -0.000000 0.090030 0.874330 -0.476908 29.149500 0.214971 0.450505 0.866506 1.721100 0.000000 0.000000 0.000000 1.000000
0.971970 -0.180046 -0.151187 0.000000 0.090069 0.879164 -0.467930 29.149500 0.217167 0.441197 0.870738 1.721100 0.000000 0.000000 0.000000 1.000000
0.972421 -0.176972 -0.151913 -0.000000 0.088774 0.883163 -0.460589 29.149500 0.215675 0.434401 0.874517 1.721100 0.000000 0.000000 0.000000 1.000000
0.973600 -0.172121 -0.149923 0.000000 0.086475 0.885978 -0.455593 29.149500 0.211246 0.430601 0.877473 1.721100 0.000000 0.000000 0.000000 1.000000
0.975059 -0.166724 -0.146504 -0.000000 0.084006 0.888209 -0.451695 29.149500 0.205435 0.428122 0.880062 1.721100 0.000000 0.000000 0.000000 1.000000
0.976527 -0.161315 -0.142733 0.000000 0.081620 0.890366 -0.447869 29.149500 0.199332 0.425707 0.882633 1.721100 0.000000 0.000000 0.000000 1.000000
0.978051 -0.155133 -0.139107 -0.000000 0.078326 0.892365 -0.444466 29.149500 0.193086 0.423814 0.884929 1.721100 0.000000 0.000000 0.000000 1.000000
0.979679 -0.147624 -0.135781 0.000000 0.073367 0.893807 -0.442410 29.149500 0.186672 0.423458 0.886475 1.721100 0.000000 0.000000 0.000000 1.000000
0.981232 -0.139890 -0.132717 0.000000 0.067739 0.894462 -0.441983 29.149500 0.180539 0.424698 0.887151 1.721100 0.000000 0.000000 0.000000 1.000000
0.982548 -0.133370 -0.129658 0.000000 0.062987 0.894440 -0.442730 29.149500 0.175018 0.426837 0.887231 1.721100 0.000000 0.000000 0.000000 1.000000
0.983787 -0.127379 -0.126243 0.000000 0.058730 0.893944 -0.444313 29.149500 0.169450 0.429695 0.886932 1.721100 0.000000 0.000000 0.000000 1.000000
0.985294 -0.119295 -0.122327 0.000000 0.052622 0.892985 -0.447000 29.149500 0.162561 0.433989 0.886131 1.721100 0.000000 0.000000 0.000000 1.000000
0.987146 -0.107783 -0.118004 0.000000 0.043428 0.891483 -0.450968 29.149500 0.153805 0.440047 0.884705 1.721100 0.000000 0.000000 0.000000 1.000000
0.989016 -0.094803 -0.113397 -0.000000 0.033072 0.889693 -0.455359 29.149500 0.144058 0.446608 0.883057 1.721100 0.000000 0.000000 0.000000 1.000000
0.990548 -0.083596 -0.108751 0.000000 0.024653 0.888418 -0.458373 29.149500 0.134935 0.451359 0.882081 1.721100 0.000000 0.000000 0.000000 1.000000
0.991642 -0.075317 -0.104750 0.000000 0.019082 0.888607 -0.458272 29.149500 0.127597 0.452443 0.882618 1.721100 0.000000 0.000000 0.000000 1.000000
0.992379 -0.068416 -0.102489 0.000000 0.014467 0.890649 -0.454461 29.149500 0.122373 0.449514 0.884851 1.721100 0.000000 0.000000 0.000000 1.000000
0.992832 -0.060839 -0.102873 0.000000 0.008329 0.893867 -0.448255 29.149500 0.119226 0.444186 0.887966 1.721100 0.000000 0.000000 0.000000 1.000000
0.993045 -0.051659 -0.105794 0.000000 -0.000536 0.896599 -0.442843 29.149500 0.117732 0.439820 0.890336 1.721100 0.000000 0.000000 0.000000 1.000000
0.993129 -0.040863 -0.109662 -0.000000 -0.011847 0.897138 -0.441592 29.149500 0.116427 0.439857 0.890489 1.721100 0.000000 0.000000 0.000000 1.000000
0.993266 -0.029114 -0.112137 0.000000 -0.024059 0.894976 -0.445466 29.149500 0.113329 0.445164 0.888248 1.721100 0.000000 0.000000 0.000000 1.000000
0.993513 -0.018322 -0.112234 -0.000000 -0.034655 0.891210 -0.452264 29.149500 0.108311 0.453220 0.884794 1.721100 0.000000 0.000000 0.000000 1.000000
0.993669 -0.011643 -0.111738 0.000000 -0.041204 0.887535 -0.458894 29.149500 0.104514 0.460593 0.881437 1.721100 0.000000 0.000000 0.000000 1.000000
0.993439 -0.011335 -0.113803 0.000000 -0.042964 0.885199 -0.463225 29.149500 0.105989 0.465075 0.878904 1.721100 0.000000 0.000000 0.000000 1.000000
0.992707 -0.017042 -0.119343 0.000000 -0.040700 0.884454 -0.464849 29.149500 0.113475 0.466317 0.877310 1.721100 0.000000 0.000000 0.000000 1.000000
0.991742 -0.026471 -0.125491 -0.000000 -0.035240 0.884565 -0.465084 29.149500 0.123316 0.465666 0.876327 1.721100 0.000000 0.000000 0.000000 1.000000
0.991126 -0.034815 -0.128289 -0.000000 -0.029223 0.884419 -0.465778 29.149500 0.129677 0.465394 0.875553 1.721100 0.000000 0.000000 0.000000 1.000000
0.991213 -0.040400 -0.125952 0.000000 -0.023466 0.883402 -0.468027 29.149500 0.130175 0.466871 0.874692 1.721100 0.000000 0.000000 0.000000 1.000000
0.991853 -0.044684 -0.119296 0.000000 -0.017014 0.881610 -0.471673 29.149500 0.126249 0.469860 0.873667 1.721100 0.000000 0.000000 0.000000 1.000000
0.992774 -0.048019 -0.109969 0.000000 -0.010196 0.879368 -0.476033 29.149500 0.119562 0.473715 0.872525 1.721100 0.000000 0.000000 0.000000 1.000000
0.993759 -0.050833 -0.099294 0.000000 -0.003179 0.876867 -0.480722 29.149500 0.111504 0.478038 0.871233 1.721100 0.000000 0.000000 0.000000 1.000000
0.994675 -0.053533 -0.088072 0.000000 0.004053 0.874183 -0.485581 29.149500 0.102986 0.482638 0.869744 1.721100 0.000000 0.000000 0.000000 1.000000
0.995450 -0.056594 -0.076661 0.000000 0.011757 0.871320 -0.490574 29.149500 0.094560 0.487440 0.868021 1.721100 0.000000 0.000000 0.000000 1.000000
0.996045 -0.060226 -0.065317 0.000000 0.020016 0.868394 -0.495470 29.149500 0.086561 0.492204 0.866166 1.721100 0.000000 0.000000 0.000000 1.000000</float_array>
        <technique_common>
          <accessor source="#mixamorig_Spine2-Matrix-animation-output-transform-array" count="47" stride="16">
            <param type="float4x4"/>
          </accessor>
        </technique_common>
      </source>
      <source id="mixamorig_Spine2-Interpolations">
        <Name_array id="mixamorig_Spine2-Interpolations-array" count="47">
 LINEAR LINEAR LINEAR LINEAR LINEAR LINEAR LINEAR LINEAR LINEAR LINEAR LINEAR
LINEAR LINEAR LINEAR LINEAR LINEAR LINEAR LINEAR LINEAR LINEAR LINEAR LINEAR LINEAR
LINEAR LINEAR LINEAR LINEAR LINEAR LINEAR LINEAR LINEAR LINEAR LINEAR LINEAR LINEAR
LINEAR LINEAR LINEAR LINEAR LINEAR LINEAR LINEAR LINEAR LINEAR LINEAR LINEAR LINEAR</Name_array>
        <technique_common>
          <accessor source="#mixamorig_Spine2-Interpolations-array" count="47">
            <param type="name"/>
          </accessor>
        </technique_common>
      </source>
      <sampler id="mixamorig_Spine2-Matrix-animation-transform">
        <input semantic="INPUT" source="#mixamorig_Spine2-Matrix-animation-input"/>
        <input semantic="OUTPUT" source="#mixamorig_Spine2-Matrix-animation-output-transform"/>
        <input semantic="INTERPOLATION" source="#mixamorig_Spine2-Interpolations"/>
      </sampler>
      <channel source="#mixamorig_Spine2-Matrix-animation-transform" target="mixamorig_Spine2/matrix"/>
    </animation>
    <animation id="mixamorig_Neck-anim" name="mixamorig_Neck">
      <source id="mixamorig_Neck-Matrix-animation-input">
        <float_array id="mixamorig_Neck-Matrix-animation-input-array" count="47">

0.000000 0.033333 0.066667 0.100000 0.133333 0.166667 0.200000 0.233333 0.266667 0.300000 0.333333 0.366667 0.400000 0.433333 0.466667 0.500000
0.533333 0.566667 0.600000 0.633333 0.666667 0.700000 0.733333 0.766667 0.800000 0.833333 0.866667 0.900000 0.933333 0.966667 1.000000 1.033333
1.066667 1.100000 1.133333 1.166667 1.200000 1.233333 1.266667 1.300000 1.333333 1.366667 1.400000 1.433333 1.466667 1.500000 1.533333</float_array>
        <technique_common>
          <accessor source="#mixamorig_Neck-Matrix-animation-input-array" count="47">
            <param name="TIME" type="float"/>
          </accessor>
        </technique_common>
      </source>
      <source id="mixamorig_Neck-Matrix-animation-output-transform">
        <float_array id="mixamorig_Neck-Matrix-animation-output-transform-array" count="752">

0.999796 -0.019547 0.005012 -0.000000 0.019585 0.999778 -0.007826 13.857900 -0.004858 0.007923 0.999957 7.405300 0.000000 0.000000 0.000000 1.000000
0.999807 -0.001160 0.019597 -0.000000 0.001311 0.999970 -0.007684 13.857900 -0.019588 0.007708 0.999778 7.405300 0.000000 0.000000 0.000000 1.000000
0.999526 0.001951 0.030735 -0.000000 -0.001803 0.999987 -0.004849 13.857900 -0.030744 0.004791 0.999516 7.405300 0.000000 0.000000 0.000000 1.000000
0.999282 -0.014384 0.035041 0.000000 0.014331 0.999896 0.001777 13.857900 -0.035063 -0.001274 0.999384 7.405300 0.000000 0.000000 0.000000 1.000000
0.998523 -0.043392 0.032683 0.000000 0.043115 0.999029 0.009117 13.857900 -0.033047 -0.007695 0.999424 7.405300 0.000000 0.000000 0.000000 1.000000
