<?xml version="1.0" encoding="utf-8"?>
<COLLADA xmlns="http://www.collada.org/2005/11/COLLADASchema" version="1.4.1">
  <asset>
    <contributor>
      <author>Mixamo</author>
      <authoring_tool>COLLADA Mixamo exporter</authoring_tool>
      <comments/>
    </contributor>
    <created>2023-01-31T19:14:58Z</created>
    <modified>2023-01-31T19:14:58Z</modified>
    <revision/>
    <title/>
    <unit meter="0.010000"/>
    <up_axis>Y_UP</up_axis>
  </asset>
  <library_animations>
    <animation id="mixamorig_Hips-anim" name="mixamorig_Hips">
      <source id="mixamorig_Hips-Matrix-animation-input">
        <float_array id="mixamorig_Hips-Matrix-animation-input-array" count="121">

0.000000 0.033333 0.066667 0.100000 0.133333 0.166667 0.200000 0.233333 0.266667 0.300000 0.333333 0.366667 0.400000 0.433333 0.466667 0.500000
0.533333 0.566667 0.600000 0.633333 0.666667 0.700000 0.733333 0.766667 0.800000 0.833333 0.866667 0.900000 0.933333 0.966667 1.000000 1.033333
1.066667 1.100000 1.133333 1.166667 1.200000 1.233333 1.266667 1.300000 1.333333 1.366667 1.400000 1.433333 1.466667 1.500000 1.533333 1.566667
1.600000 1.633333 1.666667 1.700000 1.733333 1.766667 1.800000 1.833333 1.866667 1.900000 1.933333 1.966667 2.000000 2.033333 2.066667 2.100000
2.133333 2.166667 2.200000 2.233333 2.266667 2.300000 2.333333 2.366667 2.400000 2.433333 2.466667 2.500000 2.533333 2.566667 2.600000 2.633333
2.666667 2.700000 2.733333 2.766667 2.800000 2.833333 2.866667 2.900000 2.933333 2.966667 3.000000 3.033333 3.066667 3.100000 3.133333 3.166667
3.200000 3.233333 3.266667 3.300000 3.333333 3.366667 3.400000 3.433333 3.466667 3.500000 3.533333 3.566667 3.600000 3.633333 3.666667 3.700000
3.733333 3.766667 3.800000 3.833333 3.866667 3.900000 3.933333 3.966667 4.000000</float_array>
        <technique_common>
          <accessor source="#mixamorig_Hips-Matrix-animation-input-array" count="121">
            <param name="TIME" type="float"/>
          </accessor>
        </technique_common>
      </source>
      <source id="mixamorig_Hips-Matrix-animation-output-transform">
        <float_array id="mixamorig_Hips-Matrix-animation-output-transform-array" count="1936">

0.978033 0.007483 -0.208314 -0.612506 -0.041579 0.986276 -0.159781 98.407242 0.204260 0.164933 0.964922 0.165415 0.000000 0.000000 0.000000 1.000000
0.978963 0.003270 -0.204014 -0.781816 -0.037916 0.985372 -0.166147 98.544418 0.200486 0.170387 0.964766 0.275153 0.000000 0.000000 0.000000 1.000000
0.979638 0.000366 -0.200772 -0.927896 -0.035687 0.984392 -0.172335 98.658424 0.197576 0.175991 0.964360 0.377623 0.000000 0.000000 0.000000 1.000000
0.979435 -0.001111 -0.201755 -0.980172 -0.035395 0.983530 -0.177245 98.732224 0.198629 0.180741 0.963265 0.489797 0.000000 0.000000 0.000000 1.000000
0.977711 -0.002424 -0.209940 -0.858405 -0.036076 0.983122 -0.179359 98.764641 0.206832 0.182936 0.961122 0.643415 0.000000 0.000000 0.000000 1.000000
0.974576 -0.004876 -0.224005 -0.550506 -0.036055 0.983322 -0.178266 98.769142 0.221138 0.181810 0.958146 0.854451 0.000000 0.000000 0.000000 1.000000
0.971187 -0.008102 -0.238179 -0.122051 -0.034769 0.983912 -0.175240 98.753296 0.235767 0.178472 0.955281 1.110001 0.000000 0.000000 0.000000 1.000000
0.969011 -0.010429 -0.246798 0.347620 -0.033219 0.984531 -0.172031 98.710808 0.244774 0.174899 0.953675 1.387499 0.000000 0.000000 0.000000 1.000000
0.968626 -0.010571 -0.248297 0.815487 -0.032739 0.984961 -0.169649 98.634956 0.246356 0.172456 0.953712 1.674685 0.000000 0.000000 0.000000 1.000000
0.969402 -0.008672 -0.245325 1.275635 -0.033766 0.985166 -0.168250 98.533028 0.243144 0.171386 0.954729 1.971803 0.000000 0.000000 0.000000 1.000000
0.970245 -0.005953 -0.242052 1.739097 -0.035751 0.985218 -0.167534 98.425545 0.239472 0.171202 0.955690 2.283271 0.000000 0.000000 0.000000 1.000000
0.970417 -0.003688 -0.241406 2.217479 -0.037822 0.985216 -0.167090 98.334831 0.238454 0.171278 0.955931 2.610061 0.000000 0.000000 0.000000 1.000000
0.969794 -0.002486 -0.243913 2.710568 -0.039380 0.985235 -0.166615 98.272049 0.240726 0.171188 0.955377 2.944967 0.000000 0.000000 0.000000 1.000000
0.968723 -0.002153 -0.248135 3.198591 -0.040339 0.985295 -0.166031 98.236198 0.244844 0.170848 0.954391 3.272477 0.000000 0.000000 0.000000 1.000000
0.967807 -0.001872 -0.251687 3.644323 -0.041145 0.985344 -0.165540 98.218224 0.248308 0.170567 0.953546 3.573944 0.000000 0.000000 0.000000 1.000000
0.967677 -0.000535 -0.252194 4.005430 -0.042602 0.985280 -0.165556 98.208054 0.248570 0.170948 0.953409 3.834336 0.000000 0.000000 0.000000 1.000000
0.968690 0.002679 -0.248260 4.252144 -0.045392 0.984998 -0.166487 98.199280 0.244090 0.172543 0.954279 4.045872 0.000000 0.000000 0.000000 1.000000
0.970631 0.007631 -0.240453 4.381499 -0.049454 0.984480 -0.168386 98.189362 0.235437 0.175333 0.955944 4.206192 0.000000 0.000000 0.000000 1.000000
0.972717 0.012990 -0.231632 4.419378 -0.053789 0.983853 -0.170707 98.174492 0.225675 0.178509 0.957708 4.315174 0.000000 0.000000 0.000000 1.000000
0.974026 0.016827 -0.225809 4.404346 -0.056963 0.983373 -0.172429 98.149780 0.219153 0.180813 0.958790 4.371683 0.000000 0.000000 0.000000 1.000000
0.974009 0.017765 -0.225813 4.361031 -0.057976 0.983264 -0.172715 98.113846 0.218966 0.181317 0.958738 4.372259 0.000000 0.000000 0.000000 1.000000
0.972750 0.015835 -0.231316 4.281191 -0.056826 0.983519 -0.171644 98.079605 0.224785 0.180111 0.957618 4.310539 0.000000 0.000000 0.000000 1.000000
0.970990 0.012342 -0.238800 4.126949 -0.054394 0.983886 -0.170320 98.071823 0.232850 0.178368 0.956016 4.178313 0.000000 0.000000 0.000000 1.000000
0.969827 0.008901 -0.243631 3.852849 -0.051782 0.984052 -0.170177 98.114014 0.238230 0.177658 0.954821 3.968775 0.000000 0.000000 0.000000 1.000000
0.970058 0.006419 -0.242788 3.430332 -0.049569 0.983842 -0.172042 98.212891 0.237761 0.178925 0.954702 3.681108 0.000000 0.000000 0.000000 1.000000
0.971634 0.004794 -0.236439 2.859497 -0.047576 0.983316 -0.175573 98.351860 0.231653 0.181842 0.955652 3.326489 0.000000 0.000000 0.000000 1.000000
0.973791 0.003410 -0.227418 2.162877 -0.045329 0.982739 -0.179359 98.497818 0.222881 0.184967 0.957137 2.931375 0.000000 0.000000 0.000000 1.000000
0.975710 0.001801 -0.219060 1.371348 -0.042598 0.982439 -0.181654 98.617630 0.214886 0.186573 0.958652 2.532540 0.000000 0.000000 0.000000 1.000000
0.977050 -0.000093 -0.213011 0.513271 -0.039441 0.982630 -0.181338 98.693596 0.209328 0.185577 0.960074 2.161331 0.000000 0.000000 0.000000 1.000000
0.978000 -0.002092 -0.208595 -0.386278 -0.035964 0.983286 -0.178481 98.728798 0.205482 0.182056 0.961578 1.826869 0.000000 0.000000 0.000000 1.000000
0.978968 -0.004049 -0.203974 -1.300766 -0.032230 0.984179 -0.174221 98.739288 0.201453 0.177131 0.963349 1.513868 0.000000 0.000000 0.000000 1.000000
0.980219 -0.005954 -0.197827 -2.199603 -0.028338 0.985026 -0.170059 98.742058 0.195877 0.172301 0.965373 1.199562 0.000000 0.000000 0.000000 1.000000
0.981728 -0.007878 -0.190128 -3.052078 -0.024441 0.985647 -0.167039 98.746262 0.188715 0.168634 0.967445 0.875104 0.000000 0.000000 0.000000 1.000000
0.983288 -0.009838 -0.181790 -3.830734 -0.020701 0.986021 -0.165330 98.753387 0.180876 0.166330 0.969339 0.552739 0.000000 0.000000 0.000000 1.000000
0.984674 -0.011755 -0.174007 -4.510855 -0.017289 0.986233 -0.164458 98.756538 0.173544 0.164946 0.970915 0.254625 0.000000 0.000000 0.000000 1.000000
0.985675 -0.013616 -0.168107 -5.067621 -0.014329 0.986372 -0.163908 98.745331 0.168048 0.163968 0.972046 -0.002106 0.000000 0.000000 0.000000 1.000000
0.986023 -0.015745 -0.165862 -5.477047 -0.011745 0.986479 -0.163465 98.707664 0.166194 0.163128 0.972506 -0.208948 0.000000 0.000000 0.000000 1.000000
0.985362 -0.018759 -0.169440 -5.722057 -0.009263 0.986567 -0.163093 98.637001 0.170223 0.162275 0.971952 -0.357019 0.000000 0.000000 0.000000 1.000000
0.983334 -0.023077 -0.180336 -5.800791 -0.006672 0.986662 -0.162643 98.540565 0.181684 0.161135 0.970065 -0.431623 0.000000 0.000000 0.000000 1.000000
0.979865 -0.028297 -0.197648 -5.731082 -0.004150 0.986806 -0.161857 98.438660 0.199620 0.159418 0.966818 -0.419513 0.000000 0.000000 0.000000 1.000000
0.975584 -0.033054 -0.217123 -5.545884 -0.002314 0.987008 -0.160657 98.351303 0.219613 0.157237 0.962833 -0.322122 0.000000 0.000000 0.000000 1.000000
0.971978 -0.035635 -0.232353 -5.281473 -0.001901 0.987219 -0.159358 98.286217 0.235063 0.155335 0.959488 -0.159448 0.000000 0.000000 0.000000 1.000000
0.970669 -0.034991 -0.237859 -4.964336 -0.003276 0.987336 -0.158610 98.240067 0.240397 0.154737 0.958262 0.041048 0.000000 0.000000 0.000000 1.000000
0.972181 -0.031367 -0.232121 -4.603488 -0.006129 0.987246 -0.159081 98.210411 0.234151 0.156078 0.959590 0.260818 0.000000 0.000000 0.000000 1.000000
0.975503 -0.026098 -0.218433 -4.191854 -0.009650 0.986906 -0.161008 98.204002 0.219775 0.159172 0.962478 0.497475 0.000000 0.000000 0.000000 1.000000
0.978960 -0.020708 -0.202999 -3.715441 -0.013132 0.986380 -0.163955 98.230225 0.203629 0.163171 0.965355 0.759818 0.000000 0.000000 0.000000 1.000000
0.981345 -0.016051 -0.191581 -3.163723 -0.016489 0.985809 -0.167057 98.287270 0.191544 0.167099 0.967155 1.058645 0.000000 0.000000 0.000000 1.000000
0.982291 -0.012084 -0.186970 -2.537825 -0.020136 0.985329 -0.169475 98.358292 0.186275 0.170238 0.967636 1.400528 0.000000 0.000000 0.000000 1.000000
0.982016 -0.008305 -0.188617 -1.852607 -0.024450 0.985025 -0.170670 98.422318 0.187210 0.172213 0.967107 1.786250 0.000000 0.000000 0.000000 1.000000
0.980987 -0.004300 -0.194025 -1.129101 -0.029410 0.984914 -0.170526 98.466354 0.191831 0.172990 0.966062 2.211523 0.000000 0.000000 0.000000 1.000000
0.979700 0.000002 -0.200468 -0.384387 -0.034668 0.984935 -0.169415 98.488121 0.197448 0.172926 0.964941 2.667099 0.000000 0.000000 0.000000 1.000000
0.978530 0.004403 -0.206057 0.372985 -0.039833 0.984963 -0.168113 98.490349 0.202218 0.172712 0.963991 3.138940 0.000000 0.000000 0.000000 1.000000
0.977654 0.008621 -0.210044 1.139055 -0.044653 0.984874 -0.167417 98.476593 0.205424 0.173055 0.963251 3.610491 0.000000 0.000000 0.000000 1.000000
0.977046 0.012420 -0.212664 1.906966 -0.049016 0.984620 -0.167693 98.451294 0.207310 0.174267 0.962628 4.066232 0.000000 0.000000 0.000000 1.000000
0.976556 0.015666 -0.214692 2.662236 -0.052883 0.984243 -0.168728 98.421310 0.208666 0.176126 0.961997 4.493200 0.000000 0.000000 0.000000 1.000000
0.976032 0.018367 -0.216848 3.384223 -0.056285 0.983834 -0.170006 98.395592 0.210220 0.178136 0.961288 4.880099 0.000000 0.000000 0.000000 1.000000
0.975430 0.020672 -0.219338 4.050117 -0.059331 0.983454 -0.171166 98.385033 0.212171 0.179974 0.960517 5.216219 0.000000 0.000000 0.000000 1.000000
0.974829 0.022766 -0.221790 4.637479 -0.062151 0.983089 -0.172262 98.402885 0.214117 0.181710 0.959758 5.492186 0.000000 0.000000 0.000000 1.000000
0.974364 0.024736 -0.223615 5.125012 -0.064803 0.982670 -0.173665 98.460129 0.215444 0.183704 0.959081 5.701739 0.000000 0.000000 0.000000 1.000000
0.974118 0.026545 -0.224474 5.493725 -0.067252 0.982144 -0.175701 98.558754 0.215802 0.186250 0.958510 5.842933 0.000000 0.000000 0.000000 1.000000
0.974073 0.028110 -0.224482 5.729357 -0.069417 0.981523 -0.178307 98.688171 0.215322 0.189266 0.958026 5.917161 0.000000 0.000000 0.000000 1.000000
0.974142 0.029349 -0.224024 5.826102 -0.071178 0.980903 -0.181003 98.828293 0.214433 0.192268 0.957628 5.927116 0.000000 0.000000 0.000000 1.000000
0.974253 0.030135 -0.223436 5.788714 -0.072346 0.980406 -0.183223 98.960442 0.213537 0.194670 0.957343 5.876214 0.000000 0.000000 0.000000 1.000000
0.974386 0.030260 -0.222836 5.631292 -0.072688 0.980095 -0.184746 99.071358 0.212810 0.196211 0.957190 5.769294 0.000000 0.000000 0.000000 1.000000
0.974554 0.029569 -0.222194 5.372424 -0.072103 0.979930 -0.185844 99.153465 0.212239 0.197136 0.957127 5.612947 0.000000 0.000000 0.000000 1.000000
0.974758 0.028112 -0.221489 5.029425 -0.070747 0.979811 -0.186991 99.202583 0.211761 0.197940 0.957067 5.415216 0.000000 0.000000 0.000000 1.000000
0.974981 0.026125 -0.220746 4.614915 -0.068899 0.979679 -0.188367 99.217148 0.211340 0.198863 0.956969 5.184417 0.000000 0.000000 0.000000 1.000000
0.975222 0.023804 -0.219944 4.138317 -0.066665 0.979601 -0.189571 99.198746 0.210945 0.199536 0.956916 4.929219 0.000000 0.000000 0.000000 1.000000
0.975509 0.021133 -0.218941 3.610431 -0.063817 0.979752 -0.189774 99.152367 0.210497 0.199099 0.957105 4.658128 0.000000 0.000000 0.000000 1.000000
0.975884 0.017968 -0.217551 3.046875 -0.060006 0.980293 -0.188212 99.082123 0.209882 0.196728 0.957731 4.377951 0.000000 0.000000 0.000000 1.000000
0.976350 0.014298 -0.215724 2.466372 -0.055169 0.981254 -0.184654 98.992081 0.209040 0.192189 0.958836 4.091371 0.000000 0.000000 0.000000 1.000000
0.976851 0.010381 -0.213667 1.885144 -0.049708 0.982497 -0.179522 98.887772 0.208064 0.185987 0.960270 3.796079 0.000000 0.000000 0.000000 1.000000
0.977289 0.006540 -0.211808 1.314334 -0.044208 0.983824 -0.173600 98.782036 0.207247 0.179021 0.961769 3.486197 0.000000 0.000000 0.000000 1.000000
0.977535 0.002982 -0.210753 0.759276 -0.039150 0.985069 -0.167650 98.688240 0.207106 0.172135 0.963056 3.161921 0.000000 0.000000 0.000000 1.000000
0.977442 -0.000248 -0.211204 0.225125 -0.034807 0.986136 -0.162246 98.611832 0.208316 0.165938 0.963882 2.834899 0.000000 0.000000 0.000000 1.000000
0.976890 -0.003159 -0.213722 -0.276922 -0.031338 0.986969 -0.157830 98.551033 0.211435 0.160880 0.964061 2.521551 0.000000 0.000000 0.000000 1.000000
0.975871 -0.005525 -0.218277 -0.731957 -0.029009 0.987537 -0.154692 98.501221 0.216412 0.157292 0.963548 2.234925 0.000000 0.000000 0.000000 1.000000
0.974610 -0.006818 -0.223806 -1.126062 -0.028188 0.987848 -0.152846 98.466125 0.222128 0.155274 0.962574 1.977021 0.000000 0.000000 0.000000 1.000000
0.973557 -0.006413 -0.228356 -1.448376 -0.029166 0.987937 -0.152087 98.458458 0.226576 0.154726 0.961625 1.743702 0.000000 0.000000 0.000000 1.000000
0.973145 -0.004097 -0.230157 -1.684711 -0.031886 0.987804 -0.152404 98.488480 0.227974 0.155650 0.961146 1.537017 0.000000 0.000000 0.000000 1.000000
0.973418 -0.000600 -0.229036 -1.806790 -0.035681 0.987390 -0.154234 98.550949 0.226240 0.158306 0.961122 1.373004 0.000000 0.000000 0.000000 1.000000
0.973908 0.002479 -0.226931 -1.769657 -0.039316 0.986664 -0.157951 98.624344 0.223513 0.162752 0.961017 1.278062 0.000000 0.000000 0.000000 1.000000
0.973960 0.003637 -0.226691 -1.526020 -0.041596 0.985765 -0.162901 98.682205 0.222871 0.168089 0.960247 1.278352 0.000000 0.000000 0.000000 1.000000
0.973215 0.002692 -0.229880 -1.053005 -0.042220 0.985018 -0.167205 98.705025 0.225985 0.172432 0.958748 1.389172 0.000000 0.000000 0.000000 1.000000
0.971854 0.001041 -0.235580 -0.373561 -0.041993 0.984741 -0.168883 98.683121 0.231810 0.174022 0.957069 1.607375 0.000000 0.000000 0.000000 1.000000
0.970421 0.000579 -0.241417 0.446436 -0.042218 0.984994 -0.167344 98.611359 0.237698 0.172586 0.955884 1.910455 0.000000 0.000000 0.000000 1.000000
0.969341 0.002250 -0.245708 1.325961 -0.043810 0.985519 -0.163810 98.486313 0.241782 0.169552 0.955402 2.263853 0.000000 0.000000 0.000000 1.000000
0.968616 0.005578 -0.248499 2.200084 -0.046800 0.985960 -0.160290 98.309982 0.244116 0.166890 0.955278 2.633827 0.000000 0.000000 0.000000 1.000000
0.968011 0.009433 -0.250729 3.034539 -0.050552 0.986133 -0.158071 98.098022 0.245761 0.165689 0.955065 2.997730 0.000000 0.000000 0.000000 1.000000
0.967396 0.013087 -0.252929 3.820486 -0.054426 0.986074 -0.157146 97.878799 0.247350 0.165789 0.954637 3.346072 0.000000 0.000000 0.000000 1.000000
0.966807 0.016492 -0.254976 4.557149 -0.058159 0.985923 -0.156756 97.680191 0.248802 0.166382 0.954157 3.675220 0.000000 0.000000 0.000000 1.000000
0.966279 0.019760 -0.256740 5.235366 -0.061658 0.985801 -0.156186 97.518341 0.250008 0.166749 0.953777 3.977013 0.000000 0.000000 0.000000 1.000000
0.965796 0.022754 -0.258301 5.834489 -0.064710 0.985775 -0.155115 97.396317 0.251097 0.166524 0.953530 4.235584 0.000000 0.000000 0.000000 1.000000
0.965478 0.025329 -0.259249 6.331080 -0.067104 0.985854 -0.153585 97.313103 0.251692 0.165679 0.953521 4.433658 0.000000 0.000000 0.000000 1.000000
0.965729 0.027729 -0.258068 6.708027 -0.068914 0.985983 -0.151946 97.270844 0.250238 0.164523 0.954103 4.560116 0.000000 0.000000 0.000000 1.000000
0.967016 0.030494 -0.252884 6.958634 -0.070535 0.986042 -0.150821 97.274902 0.244755 0.163683 0.955669 4.612997 0.000000 0.000000 0.000000 1.000000
0.969356 0.033839 -0.243318 7.088496 -0.072288 0.985906 -0.150875 97.327866 0.234783 0.163841 0.958140 4.597393 0.000000 0.000000 0.000000 1.000000
0.972103 0.037137 -0.231595 7.115454 -0.073948 0.985556 -0.152351 97.420265 0.222592 0.165227 0.960809 4.522189 0.000000 0.000000 0.000000 1.000000
0.974367 0.039208 -0.221522 7.063332 -0.074817 0.985121 -0.154723 97.529327 0.212159 0.167331 0.962803 4.396581 0.000000 0.000000 0.000000 1.000000
0.975621 0.039258 -0.215924 6.950109 -0.074359 0.984807 -0.156927 97.628059 0.206483 0.169157 0.963717 4.227858 0.000000 0.000000 0.000000 1.000000
0.975946 0.037587 -0.214750 6.777055 -0.072705 0.984749 -0.158058 97.699272 0.205534 0.169870 0.963795 4.019885 0.000000 0.000000 0.000000 1.000000
0.975883 0.035334 -0.215416 6.528336 -0.070507 0.984942 -0.157854 97.743668 0.206595 0.169236 0.963679 3.773192 0.000000 0.000000 0.000000 1.000000
0.976065 0.033564 -0.214873 6.183354 -0.068359 0.985291 -0.156619 97.775909 0.206455 0.167559 0.964002 3.486636 0.000000 0.000000 0.000000 1.000000
0.976831 0.032559 -0.211520 5.733536 -0.066396 0.985696 -0.154903 97.812263 0.203451 0.165358 0.965020 3.160362 0.000000 0.000000 0.000000 1.000000
0.978095 0.031863 -0.205705 5.190292 -0.064363 0.986082 -0.153294 97.860756 0.197957 0.163176 0.966533 2.798576 0.000000 0.000000 0.000000 1.000000
0.979522 0.030838 -0.198960 4.581035 -0.061993 0.986385 -0.152319 97.918854 0.191554 0.161534 0.968098 2.411017 0.000000 0.000000 0.000000 1.000000
0.980771 0.029154 -0.192975 3.938904 -0.059288 0.986558 -0.152275 97.976845 0.185941 0.160788 0.969316 2.011106 0.000000 0.000000 0.000000 1.000000
0.981610 0.026935 -0.188987 3.294611 -0.056522 0.986615 -0.152961 98.022728 0.182337 0.160829 0.969993 1.612130 0.000000 0.000000 0.000000 1.000000
0.981939 0.024573 -0.187598 2.673862 -0.054039 0.986652 -0.153616 98.048759 0.181319 0.160979 0.970159 1.225876 0.000000 0.000000 0.000000 1.000000
0.981769 0.022385 -0.188757 2.096468 -0.051979 0.986808 -0.153326 98.056328 0.182835 0.160342 0.969980 0.865452 0.000000 0.000000 0.000000 1.000000
0.981224 0.020330 -0.191798 1.573932 -0.050103 0.987158 -0.151687 98.057045 0.186251 0.158449 0.969641 0.547236 0.000000 0.000000 0.000000 1.000000
0.980513 0.018098 -0.195618 1.106850 -0.047984 0.987651 -0.149140 98.065704 0.190503 0.155620 0.969273 0.286307 0.000000 0.000000 0.000000 1.000000
0.979852 0.015614 -0.199111 0.689807 -0.045544 0.988141 -0.146641 98.088181 0.194460 0.152755 0.968943 0.087833 0.000000 0.000000 0.000000 1.000000
0.979329 0.013549 -0.201820 0.327112 -0.043534 0.988490 -0.144888 98.112091 0.197533 0.150679 0.968647 -0.056368 0.000000 0.000000 0.000000 1.000000
0.978801 0.013077 -0.204394 0.045766 -0.043241 0.988659 -0.143817 98.113678 0.200195 0.149606 0.968266 -0.157486 0.000000 0.000000 0.000000 1.000000
0.978025 0.014667 -0.207972 -0.121615 -0.045240 0.988684 -0.143026 98.083496 0.203521 0.149292 0.967622 -0.214445 0.000000 0.000000 0.000000 1.000000
0.977043 0.017020 -0.212361 -0.186664 -0.048258 0.988575 -0.142798 98.049591 0.207504 0.149768 0.966701 -0.215206 0.000000 0.000000 0.000000 1.000000
0.976368 0.017826 -0.215378 -0.224510 -0.049871 0.988279 -0.144281 98.061340 0.210282 0.151613 0.965813 -0.157859 0.000000 0.000000 0.000000 1.000000
0.976440 0.015941 -0.215198 -0.308799 -0.048769 0.987767 -0.148115 98.140335 0.210205 0.155120 0.965273 -0.061576 0.000000 0.000000 0.000000 1.000000
0.977121 0.012060 -0.212342 -0.448162 -0.045566 0.987080 -0.153615 98.265511 0.207746 0.159776 0.965046 0.050425 0.000000 0.000000 0.000000 1.000000
0.978033 0.007483 -0.208314 -0.612506 -0.041579 0.986276 -0.159781 98.407242 0.204260 0.164933 0.964922 0.165415 0.000000 0.000000 0.000000 1.000000</float_array>
        <technique_common>
          <accessor source="#mixamorig_Hips-Matrix-animation-output-transform-array" count="121" stride="16">
            <param type="float4x4"/>
          </accessor>
        </technique_common>
      </source>
      <source id="mixamorig_Hips-Interpolations">
        <Name_array id="mixamorig_Hips-Interpolations-array" count="121">
 LINEAR LINEAR LINEAR LINEAR LINEAR LINEAR LINEAR LINEAR LINEAR LINEAR LINEAR
LINEAR LINEAR LINEAR LINEAR LINEAR LINEAR LINEAR LINEAR LINEAR LINEAR LINEAR LINEAR
LINEAR LINEAR LINEAR LINEAR LINEAR LINEAR LINEAR LINEAR LINEAR LINEAR LINEAR LINEAR
LINEAR LINEAR LINEAR LINEAR LINEAR LINEAR LINEAR LINEAR LINEAR LINEAR LINEAR LINEAR
LINEAR LINEAR LINEAR LINEAR LINEAR LINEAR LINEAR LINEAR LINEAR LINEAR LINEAR LINEAR
LINEAR LINEAR LINEAR LINEAR LINEAR LINEAR LINEAR LINEAR LINEAR LINEAR LINEAR LINEAR
LINEAR LINEAR LINEAR LINEAR LINEAR LINEAR LINEAR LINEAR LINEAR LINEAR LINEAR LINEAR
LINEAR LINEAR LINEAR LINEAR LINEAR LINEAR LINEAR LINEAR LINEAR LINEAR LINEAR LINEAR
LINEAR LINEAR LINEAR LINEAR LINEAR LINEAR LINEAR LINEAR LINEAR LINEAR LINEAR LINEAR
LINEAR LINEAR LINEAR LINEAR LINEAR LINEAR LINEAR LINEAR LINEAR LINEAR LINEAR LINEAR
LINEAR LINEAR</Name_array>
        <technique_common>
          <accessor source="#mixamorig_Hips-Interpolations-array" count="121">
            <param type="name"/>
          </accessor>
        </technique_common>
      </source>
      <sampler id="mixamorig_Hips-Matrix-animation-transform">
        <input semantic="INPUT" source="#mixamorig_Hips-Matrix-animation-input"/>
        <input semantic="OUTPUT" source="#mixamorig_Hips-Matrix-animation-output-transform"/>
        <input semantic="INTERPOLATION" source="#mixamorig_Hips-Interpolations"/>
      </sampler>
      <channel source="#mixamorig_Hips-Matrix-animation-transform" target="mixamorig_Hips/matrix"/>
    </animation>
    <animation id="mixamorig_Spine-anim" name="mixamorig_Spine">
      <source id="mixamorig_Spine-Matrix-animation-input">
        <float_array id="mixamorig_Spine-Matrix-animation-input-array" count="121">

0.000000 0.033333 0.066667 0.100000 0.133333 0.166667 0.200000 0.233333 0.266667 0.300000 0.333333 0.366667 0.400000 0.433333 0.466667 0.500000
0.533333 0.566667 0.600000 0.633333 0.666667 0.700000 0.733333 0.766667 0.800000 0.833333 0.866667 0.900000 0.933333 0.966667 1.000000 1.033333
1.066667 1.100000 1.133333 1.166667 1.200000 1.233333 1.266667 1.300000 1.333333 1.366667 1.400000 1.433333 1.466667 1.500000 1.533333 1.566667
1.600000 1.633333 1.666667 1.700000 1.733333 1.766667 1.800000 1.833333 1.866667 1.900000 1.933333 1.966667 2.000000 2.033333 2.066667 2.100000
2.133333 2.166667 2.200000 2.233333 2.266667 2.300000 2.333333 2.366667 2.400000 2.433333 2.466667 2.500000 2.533333 2.566667 2.600000 2.633333
2.666667 2.700000 2.733333 2.766667 2.800000 2.833333 2.866667 2.900000 2.933333 2.966667 3.000000 3.033333 3.066667 3.100000 3.133333 3.166667
3.200000 3.233333 3.266667 3.300000 3.333333 3.366667 3.400000 3.433333 3.466667 3.500000 3.533333 3.566667 3.600000 3.633333 3.666667 3.700000
3.733333 3.766667 3.800000 3.833333 3.866667 3.900000 3.933333 3.966667 4.000000</float_array>
        <technique_common>
          <accessor source="#mixamorig_Spine-Matrix-animation-input-array" count="121">
            <param name="TIME" type="float"/>
          </accessor>
        </technique_common>
      </source>
      <source id="mixamorig_Spine-Matrix-animation-output-transform">
        <float_array id="mixamorig_Spine-Matrix-animation-output-transform-array" count="1936">

0.999540 -0.014739 -0.026510 0.072000 0.012919 0.997630 -0.067576 7.257300 0.027443 0.067202 0.997362 -0.789700 0.000000 0.000000 0.000000 1.000000
0.999495 -0.014928 -0.028057 0.072000 0.013042 0.997719 -0.066236 7.257300 0.028982 0.065837 0.997409 -0.789700 0.000000 0.000000 0.000000 1.000000
0.999449 -0.015091 -0.029565 0.072000 0.013146 0.997805 -0.064899 7.257300 0.030480 0.064475 0.997454 -0.789700 0.000000 0.000000 0.000000 1.000000
0.999404 -0.015373 -0.030921 0.072000 0.013381 0.997885 -0.063617 7.257300 0.031833 0.063165 0.997495 -0.789700 0.000000 0.000000 0.000000 1.000000
0.999360 -0.015887 -0.032044 0.072000 0.013864 0.997955 -0.062403 7.257300 0.032970 0.061919 0.997537 -0.789700 0.000000 0.000000 0.000000 1.000000
0.999324 -0.016579 -0.032810 0.072000 0.014546 0.998016 -0.061264 7.257300 0.033760 0.060746 0.997582 -0.789700 0.000000 0.000000 0.000000 1.000000
0.999306 -0.017218 -0.033043 0.072000 0.015202 0.998064 -0.060307 7.257300 0.034018 0.059763 0.997633 -0.789700 0.000000 0.000000 0.000000 1.000000
0.999308 -0.017587 -0.032789 0.072000 0.015604 0.998091 -0.059765 7.257300 0.033777 0.059212 0.997674 -0.789700 0.000000 0.000000 0.000000 1.000000
0.999317 -0.017717 -0.032432 0.072000 0.015753 0.998084 -0.059835 7.257300 0.033430 0.059283 0.997681 -0.789700 0.000000 0.000000 0.000000 1.000000
0.999320 -0.017809 -0.032297 0.072000 0.015831 0.998043 -0.060496 7.257300 0.033311 0.059944 0.997646 -0.789700 0.000000 0.000000 0.000000 1.000000
0.999315 -0.018009 -0.032325 0.072000 0.015994 0.997976 -0.061544 7.257300 0.033368 0.060984 0.997581 -0.789700 0.000000 0.000000 0.000000 1.000000
0.999311 -0.018359 -0.032270 0.072000 0.016308 0.997898 -0.062717 7.257300 0.033354 0.062147 0.997510 -0.789700 0.000000 0.000000 0.000000 1.000000
0.999310 -0.018857 -0.032013 0.072000 0.016786 0.997823 -0.063772 7.257300 0.033145 0.063191 0.997451 -0.789700 0.000000 0.000000 0.000000 1.000000
0.999309 -0.019490 -0.031643 0.072000 0.017417 0.997765 -0.064506 7.257300 0.032830 0.063911 0.997415 -0.789700 0.000000 0.000000 0.000000 1.000000
0.999303 -0.020218 -0.031373 0.072000 0.018153 0.997734 -0.064783 7.257300 0.032612 0.064169 0.997406 -0.789700 0.000000 0.000000 0.000000 1.000000
0.999287 -0.020968 -0.031412 0.072000 0.018906 0.997734 -0.064572 7.257300 0.032695 0.063932 0.997419 -0.789700 0.000000 0.000000 0.000000 1.000000
0.999257 -0.021645 -0.031876 0.072000 0.019572 0.997760 -0.063961 7.257300 0.033189 0.063289 0.997443 -0.789700 0.000000 0.000000 0.000000 1.000000
0.999218 -0.022165 -0.032735 0.072000 0.020065 0.997803 -0.063133 7.257300 0.034062 0.062427 0.997468 -0.789700 0.000000 0.000000 0.000000 1.000000
0.999175 -0.022510 -0.033817 0.072000 0.020371 0.997848 -0.062317 7.257300 0.035147 0.061577 0.997483 -0.789700 0.000000 0.000000 0.000000 1.000000
0.999133 -0.022740 -0.034871 0.072000 0.020558 0.997882 -0.061717 7.257300 0.036201 0.060947 0.997484 -0.789700 0.000000 0.000000 0.000000 1.000000
0.999100 -0.022951 -0.035676 0.072000 0.020729 0.997894 -0.061458 7.257300 0.037012 0.060663 0.997472 -0.789700 0.000000 0.000000 0.000000 1.000000
0.999078 -0.023210 -0.036115 0.072000 0.020957 0.997884 -0.061554 7.257300 0.037468 0.060740 0.997450 -0.789700 0.000000 0.000000 0.000000 1.000000
0.999067 -0.023522 -0.036210 0.072000 0.021249 0.997855 -0.061923 7.257300 0.037589 0.061096 0.997424 -0.789700 0.000000 0.000000 0.000000 1.000000
0.999064 -0.023842 -0.036085 0.072000 0.021558 0.997816 -0.062433 7.257300 0.037494 0.061597 0.997397 -0.789700 0.000000 0.000000 0.000000 1.000000
0.999064 -0.024096 -0.035914 0.072000 0.021802 0.997778 -0.062953 7.257300 0.037351 0.062111 0.997370 -0.789700 0.000000 0.000000 0.000000 1.000000
0.999064 -0.024199 -0.035847 0.072000 0.021893 0.997748 -0.063394 7.257300 0.037300 0.062550 0.997345 -0.789700 0.000000 0.000000 0.000000 1.000000
0.999063 -0.024097 -0.035948 0.072000 0.021772 0.997730 -0.063725 7.257300 0.037402 0.062883 0.997320 -0.789700 0.000000 0.000000 0.000000 1.000000
0.999062 -0.023783 -0.036184 0.072000 0.021434 0.997721 -0.063975 7.257300 0.037623 0.063140 0.997295 -0.789700 0.000000 0.000000 0.000000 1.000000
0.999064 -0.023273 -0.036472 0.072000 0.020898 0.997717 -0.064211 7.257300 0.037883 0.063389 0.997270 -0.789700 0.000000 0.000000 0.000000 1.000000
0.999069 -0.022593 -0.036752 0.072000 0.020189 0.997712 -0.064523 7.257300 0.038126 0.063720 0.997239 -0.789700 0.000000 0.000000 0.000000 1.000000
0.999076 -0.021795 -0.037039 0.072000 0.019355 0.997698 -0.064994 7.257300 0.038370 0.064217 0.997198 -0.789700 0.000000 0.000000 0.000000 1.000000
0.999080 -0.020964 -0.037406 0.072000 0.018475 0.997670 -0.065683 7.257300 0.038696 0.064931 0.997139 -0.789700 0.000000 0.000000 0.000000 1.000000
0.999076 -0.020179 -0.037941 0.072000 0.017621 0.997625 -0.066588 7.257300 0.039194 0.065858 0.997059 -0.789700 0.000000 0.000000 0.000000 1.000000
0.999063 -0.019462 -0.038657 0.072000 0.016816 0.997569 -0.067624 7.257300 0.039879 0.066911 0.996962 -0.789700 0.000000 0.000000 0.000000 1.000000
0.999046 -0.018763 -0.039429 0.072000 0.016026 0.997514 -0.068622 7.257300 0.040618 0.067924 0.996863 -0.789700 0.000000 0.000000 0.000000 1.000000
0.999039 -0.017996 -0.039974 0.072000 0.015193 0.997475 -0.069369 7.257300 0.041121 0.068695 0.996790 -0.789700 0.000000 0.000000 0.000000 1.000000
0.999056 -0.017044 -0.039946 0.072000 0.014231 0.997468 -0.069680 7.257300 0.041033 0.069046 0.996769 -0.789700 0.000000 0.000000 0.000000 1.000000
0.999112 -0.015815 -0.039055 0.072000 0.013074 0.997498 -0.069471 7.257300 0.040056 0.068898 0.996819 -0.789700 0.000000 0.000000 0.000000 1.000000
0.999206 -0.014297 -0.037184 0.072000 0.011713 0.997561 -0.068806 7.257300 0.038077 0.068316 0.996937 -0.789700 0.000000 0.000000 0.000000 1.000000
0.999326 -0.012583 -0.034472 0.072000 0.010221 0.997641 -0.067883 7.257300 0.035245 0.067485 0.997098 -0.789700 0.000000 0.000000 0.000000 1.000000
0.999451 -0.010846 -0.031302 0.072000 0.008730 0.997717 -0.066970 7.257300 0.031957 0.066660 0.997264 -0.789700 0.000000 0.000000 0.000000 1.000000
0.999559 -0.009283 -0.028202 0.072000 0.007396 0.997773 -0.066291 7.257300 0.028755 0.066053 0.997402 -0.789700 0.000000 0.000000 0.000000 1.000000
0.999638 -0.008072 -0.025673 0.072000 0.006364 0.997803 -0.065942 7.257300 0.026149 0.065754 0.997493 -0.789700 0.000000 0.000000 0.000000 1.000000
0.999685 -0.007354 -0.024010 0.072000 0.005759 0.997814 -0.065840 7.257300 0.024442 0.065681 0.997541 -0.789700 0.000000 0.000000 0.000000 1.000000
0.999705 -0.007196 -0.023208 0.072000 0.005656 0.997819 -0.065767 7.257300 0.023631 0.065617 0.997565 -0.789700 0.000000 0.000000 0.000000 1.000000
0.999707 -0.007554 -0.022982 0.072000 0.006035 0.997837 -0.065459 7.257300 0.023427 0.065301 0.997591 -0.789700 0.000000 0.000000 0.000000 1.000000
0.999704 -0.008297 -0.022883 0.072000 0.006800 0.997880 -0.064730 7.257300 0.023371 0.064555 0.997640 -0.789700 0.000000 0.000000 0.000000 1.000000
0.999705 -0.009255 -0.022463 0.072000 0.007810 0.997948 -0.063555 7.257300 0.023005 0.063361 0.997726 -0.789700 0.000000 0.000000 0.000000 1.000000
0.999717 -0.010264 -0.021444 0.072000 0.008915 0.998031 -0.062084 7.257300 0.022039 0.061876 0.997841 -0.789700 0.000000 0.000000 0.000000 1.000000
0.999741 -0.011204 -0.019798 0.072000 0.009986 0.998113 -0.060581 7.257300 0.020439 0.060368 0.997967 -0.789700 0.000000 0.000000 0.000000 1.000000
0.999771 -0.012001 -0.017727 0.072000 0.010930 0.998179 -0.059319 7.257300 0.018406 0.059111 0.998082 -0.789700 0.000000 0.000000 0.000000 1.000000
0.999799 -0.012619 -0.015561 0.072000 0.011689 0.998220 -0.058484 7.257300 0.016271 0.058291 0.998167 -0.789700 0.000000 0.000000 0.000000 1.000000
0.999822 -0.013048 -0.013621 0.072000 0.012236 0.998235 -0.058121 7.257300 0.014355 0.057944 0.998217 -0.789700 0.000000 0.000000 0.000000 1.000000
0.999838 -0.013319 -0.012106 0.072000 0.012593 0.998229 -0.058138 7.257300 0.012859 0.057976 0.998235 -0.789700 0.000000 0.000000 0.000000 1.000000
0.999848 -0.013472 -0.011068 0.072000 0.012804 0.998213 -0.058362 7.257300 0.011834 0.058211 0.998234 -0.789700 0.000000 0.000000 0.000000 1.000000
0.999854 -0.013539 -0.010437 0.072000 0.012904 0.998197 -0.058616 7.257300 0.011212 0.058472 0.998226 -0.789700 0.000000 0.000000 0.000000 1.000000
0.999857 -0.013544 -0.010093 0.072000 0.012928 0.998187 -0.058788 7.257300 0.010871 0.058649 0.998219 -0.789700 0.000000 0.000000 0.000000 1.000000
0.999859 -0.013521 -0.009915 0.072000 0.012914 0.998183 -0.058848 7.257300 0.010693 0.058712 0.998218 -0.789700 0.000000 0.000000 0.000000 1.000000
0.999861 -0.013488 -0.009833 0.072000 0.012887 0.998185 -0.058831 7.257300 0.010608 0.058696 0.998220 -0.789700 0.000000 0.000000 0.000000 1.000000
0.999862 -0.013420 -0.009818 0.072000 0.012821 0.998189 -0.058781 7.257300 0.010589 0.058647 0.998223 -0.789700 0.000000 0.000000 0.000000 1.000000
0.999864 -0.013241 -0.009869 0.072000 0.012639 0.998194 -0.058724 7.257300 0.010629 0.058591 0.998225 -0.789700 0.000000 0.000000 0.000000 1.000000
0.999868 -0.012861 -0.009972 0.072000 0.012255 0.998204 -0.058646 7.257300 0.010708 0.058516 0.998229 -0.789700 0.000000 0.000000 0.000000 1.000000
0.999874 -0.012232 -0.010072 0.072000 0.011622 0.998219 -0.058513 7.257300 0.010770 0.058389 0.998236 -0.789700 0.000000 0.000000 0.000000 1.000000
0.999885 -0.011350 -0.010090 0.072000 0.010743 0.998242 -0.058293 7.257300 0.010734 0.058178 0.998248 -0.789700 0.000000 0.000000 0.000000 1.000000
0.999898 -0.010251 -0.009940 0.072000 0.009658 0.998271 -0.057984 7.257300 0.010518 0.057882 0.998268 -0.789700 0.000000 0.000000 0.000000 1.000000
0.999914 -0.008991 -0.009577 0.072000 0.008425 0.998303 -0.057627 7.257300 0.010079 0.057541 0.998292 -0.789700 0.000000 0.000000 0.000000 1.000000
0.999930 -0.007617 -0.009020 0.072000 0.007088 0.998332 -0.057303 7.257300 0.009441 0.057235 0.998316 -0.789700 0.000000 0.000000 0.000000 1.000000
0.999946 -0.006168 -0.008358 0.072000 0.005681 0.998351 -0.057119 7.257300 0.008696 0.057069 0.998332 -0.789700 0.000000 0.000000 0.000000 1.000000
0.999959 -0.004682 -0.007721 0.072000 0.004233 0.998355 -0.057177 7.257300 0.007976 0.057142 0.998334 -0.789700 0.000000 0.000000 0.000000 1.000000
0.999969 -0.003215 -0.007225 0.072000 0.002794 0.998339 -0.057548 7.257300 0.007398 0.057526 0.998317 -0.789700 0.000000 0.000000 0.000000 1.000000
0.999974 -0.001854 -0.006930 0.072000 0.001447 0.998301 -0.058255 7.257300 0.007026 0.058244 0.998278 -0.789700 0.000000 0.000000 0.000000 1.000000
0.999977 -0.000719 -0.006810 0.072000 0.000314 0.998242 -0.059266 7.257300 0.006840 0.059263 0.998219 -0.789700 0.000000 0.000000 0.000000 1.000000
0.999977 0.000114 -0.006794 0.072000 -0.000525 0.998168 -0.060497 7.257300 0.006774 0.060499 0.998145 -0.789700 0.000000 0.000000 0.000000 1.000000
0.999977 0.000588 -0.006767 0.072000 -0.001006 0.998087 -0.061822 7.257300 0.006718 0.061828 0.998064 -0.789700 0.000000 0.000000 0.000000 1.000000
0.999978 0.000670 -0.006622 0.072000 -0.001086 0.998007 -0.063096 7.257300 0.006567 0.063101 0.997986 -0.789700 0.000000 0.000000 0.000000 1.000000
0.999980 0.000412 -0.006335 0.072000 -0.000818 0.997939 -0.064165 7.257300 0.006296 0.064168 0.997919 -0.789700 0.000000 0.000000 0.000000 1.000000
0.999982 -0.000108 -0.005980 0.072000 -0.000281 0.997892 -0.064894 7.257300 0.005975 0.064894 0.997874 -0.789700 0.000000 0.000000 0.000000 1.000000
0.999983 -0.000806 -0.005736 0.072000 0.000430 0.997873 -0.065185 7.257300 0.005776 0.065182 0.997857 -0.789700 0.000000 0.000000 0.000000 1.000000
0.999982 -0.001628 -0.005839 0.072000 0.001245 0.997884 -0.065008 7.257300 0.005933 0.064999 0.997868 -0.789700 0.000000 0.000000 0.000000 1.000000
0.999975 -0.002579 -0.006509 0.072000 0.002154 0.997921 -0.064417 7.257300 0.006662 0.064401 0.997902 -0.789700 0.000000 0.000000 0.000000 1.000000
0.999962 -0.003716 -0.007870 0.072000 0.003209 0.997972 -0.063566 7.257300 0.008090 0.063538 0.997947 -0.789700 0.000000 0.000000 0.000000 1.000000
0.999938 -0.005127 -0.009890 0.072000 0.004497 0.998024 -0.062678 7.257300 0.010192 0.062630 0.997985 -0.789700 0.000000 0.000000 0.000000 1.000000
0.999900 -0.006877 -0.012361 0.072000 0.006098 0.998058 -0.061992 7.257300 0.012763 0.061911 0.998000 -0.789700 0.000000 0.000000 0.000000 1.000000
0.999848 -0.008957 -0.014945 0.072000 0.008019 0.998063 -0.061690 7.257300 0.015469 0.061561 0.997983 -0.789700 0.000000 0.000000 0.000000 1.000000
0.999788 -0.011205 -0.017303 0.072000 0.010115 0.998036 -0.061829 7.257300 0.017961 0.061641 0.997937 -0.789700 0.000000 0.000000 0.000000 1.000000
0.999727 -0.013345 -0.019194 0.072000 0.012125 0.997983 -0.062317 7.257300 0.019987 0.062067 0.997872 -0.789700 0.000000 0.000000 0.000000 1.000000
0.999675 -0.015109 -0.020518 0.072000 0.013790 0.997922 -0.062933 7.257300 0.021426 0.062630 0.997807 -0.789700 0.000000 0.000000 0.000000 1.000000
0.999640 -0.016317 -0.021286 0.072000 0.014938 0.997876 -0.063412 7.257300 0.022275 0.063071 0.997760 -0.789700 0.000000 0.000000 0.000000 1.000000
0.999624 -0.016869 -0.021597 0.072000 0.015467 0.997860 -0.063530 7.257300 0.022622 0.063172 0.997746 -0.789700 0.000000 0.000000 0.000000 1.000000
0.999627 -0.016759 -0.021575 0.072000 0.015366 0.997883 -0.063199 7.257300 0.022588 0.062844 0.997768 -0.789700 0.000000 0.000000 0.000000 1.000000
0.999643 -0.016095 -0.021325 0.072000 0.014734 0.997936 -0.062504 7.257300 0.022287 0.062167 0.997817 -0.789700 0.000000 0.000000 0.000000 1.000000
0.999667 -0.015059 -0.020943 0.072000 0.013742 0.998002 -0.061667 7.257300 0.021830 0.061359 0.997877 -0.789700 0.000000 0.000000 0.000000 1.000000
0.999693 -0.013848 -0.020540 0.072000 0.012573 0.998061 -0.060959 7.257300 0.021344 0.060682 0.997929 -0.789700 0.000000 0.000000 0.000000 1.000000
0.999715 -0.012685 -0.020225 0.072000 0.011438 0.998097 -0.060591 7.257300 0.020955 0.060343 0.997958 -0.789700 0.000000 0.000000 0.000000 1.000000
0.999729 -0.011777 -0.020081 0.072000 0.010540 0.998104 -0.060646 7.257300 0.020757 0.060418 0.997957 -0.789700 0.000000 0.000000 0.000000 1.000000
0.999734 -0.011276 -0.020132 0.072000 0.010027 0.998083 -0.061065 7.257300 0.020782 0.060847 0.997931 -0.789700 0.000000 0.000000 0.000000 1.000000
0.999730 -0.011248 -0.020329 0.072000 0.009975 0.998045 -0.061699 7.257300 0.020983 0.061479 0.997888 -0.789700 0.000000 0.000000 0.000000 1.000000
0.999721 -0.011673 -0.020558 0.072000 0.010370 0.997998 -0.062382 7.257300 0.021245 0.062152 0.997841 -0.789700 0.000000 0.000000 0.000000 1.000000
0.999708 -0.012444 -0.020695 0.072000 0.011118 0.997952 -0.063001 7.257300 0.021436 0.062753 0.997799 -0.789700 0.000000 0.000000 0.000000 1.000000
0.999697 -0.013407 -0.020652 0.072000 0.012071 0.997908 -0.063511 7.257300 0.021461 0.063242 0.997767 -0.789700 0.000000 0.000000 0.000000 1.000000
0.999687 -0.014408 -0.020432 0.072000 0.013075 0.997869 -0.063929 7.257300 0.021310 0.063642 0.997745 -0.789700 0.000000 0.000000 0.000000 1.000000
0.999680 -0.015343 -0.020132 0.072000 0.014020 0.997832 -0.064297 7.257300 0.021075 0.063994 0.997728 -0.789700 0.000000 0.000000 0.000000 1.000000
0.999671 -0.016174 -0.019920 0.072000 0.014855 0.997797 -0.064650 7.257300 0.020921 0.064333 0.997709 -0.789700 0.000000 0.000000 0.000000 1.000000
0.999658 -0.016899 -0.019959 0.072000 0.015569 0.997764 -0.065002 7.257300 0.021013 0.064669 0.997686 -0.789700 0.000000 0.000000 0.000000 1.000000
0.999640 -0.017504 -0.020344 0.072000 0.016141 0.997731 -0.065359 7.257300 0.021442 0.065007 0.997654 -0.789700 0.000000 0.000000 0.000000 1.000000
0.999618 -0.017923 -0.021041 0.072000 0.016505 0.997700 -0.065741 7.257300 0.022171 0.065369 0.997615 -0.789700 0.000000 0.000000 0.000000 1.000000
0.999597 -0.018044 -0.021898 0.072000 0.016559 0.997670 -0.066186 7.257300 0.023041 0.065797 0.997567 -0.789700 0.000000 0.000000 0.000000 1.000000
0.999585 -0.017753 -0.022703 0.072000 0.016202 0.997638 -0.066749 7.257300 0.023835 0.066353 0.997511 -0.789700 0.000000 0.000000 0.000000 1.000000
0.999585 -0.017004 -0.023262 0.072000 0.015400 0.997602 -0.067474 7.257300 0.024353 0.067088 0.997450 -0.789700 0.000000 0.000000 0.000000 1.000000
