<?xml version="1.0" encoding="utf-8"?>
<COLLADA xmlns="http://www.collada.org/2005/11/COLLADASchema" version="1.4.1">
  <asset>
    <contributor>
      <author>Mixamo</author>
      <authoring_tool>COLLADA Mixamo exporter</authoring_tool>
      <comments/>
    </contributor>
    <created>2023-02-01T19:08:42Z</created>
    <modified>2023-02-01T19:08:42Z</modified>
    <revision/>
    <title/>
    <unit meter="0.010000"/>
    <up_axis>Y_UP</up_axis>
  </asset>
  <library_animations>
    <animation id="mixamorig_Hips-anim" name="mixamorig_Hips">
      <source id="mixamorig_Hips-Matrix-animation-input">
        <float_array id="mixamorig_Hips-Matrix-animation-input-array" count="101">

0.000000 0.033333 0.066667 0.100000 0.133333 0.166667 0.200000 0.233333 0.266667 0.300000 0.333333 0.366667 0.400000 0.433333 0.466667 0.500000
0.533333 0.566667 0.600000 0.633333 0.666667 0.700000 0.733333 0.766667 0.800000 0.833333 0.866667 0.900000 0.933333 0.966667 1.000000 1.033333
1.066667 1.100000 1.133333 1.166667 1.200000 1.233333 1.266667 1.300000 1.333333 1.366667 1.400000 1.433333 1.466667 1.500000 1.533333 1.566667
1.600000 1.633333 1.666667 1.700000 1.733333 1.766667 1.800000 1.833333 1.866667 1.900000 1.933333 1.966667 2.000000 2.033333 2.066667 2.100000
2.133333 2.166667 2.200000 2.233333 2.266667 2.300000 2.333333 2.366667 2.400000 2.433333 2.466667 2.500000 2.533333 2.566667 2.600000 2.633333
2.666667 2.700000 2.733333 2.766667 2.800000 2.833333 2.866667 2.900000 2.933333 2.966667 3.000000 3.033333 3.066667 3.100000 3.133333 3.166667
3.200000 3.233333 3.266667 3.300000 3.333333</float_array>
        <technique_common>
          <accessor source="#mixamorig_Hips-Matrix-animation-input-array" count="101">
            <param name="TIME" type="float"/>
          </accessor>
        </technique_common>
      </source>
      <source id="mixamorig_Hips-Matrix-animation-output-transform">
        <float_array id="mixamorig_Hips-Matrix-animation-output-transform-array" count="1616">

0.949560 -0.005238 -0.313541 0.286660 -0.055976 0.980971 -0.185911 103.841827 0.308549 0.194084 0.931198 -0.822084 0.000000 0.000000 0.000000 1.000000
0.959049 -0.001773 -0.283234 0.044991 -0.047719 0.984675 -0.167745 104.055153 0.279191 0.174392 0.944267 -0.595960 0.000000 0.000000 0.000000 1.000000
0.968507 0.000277 -0.248988 -0.204339 -0.037653 0.988662 -0.145361 104.370331 0.246124 0.150158 0.957536 -0.353360 0.000000 0.000000 0.000000 1.000000
0.977353 0.001589 -0.211609 -0.466944 -0.027561 0.992410 -0.119841 104.770439 0.209813 0.122959 0.969979 -0.134764 0.000000 0.000000 0.000000 1.000000
0.985136 0.003238 -0.171747 -0.737875 -0.019830 0.995281 -0.094985 105.233757 0.170629 0.096979 0.980551 -0.000553 0.000000 0.000000 0.000000 1.000000
0.991703 0.006453 -0.128388 -0.973141 -0.016435 0.996908 -0.076844 105.730362 0.127495 0.078316 0.988742 0.037428 0.000000 0.000000 0.000000 1.000000
0.996935 0.011168 -0.077433 -1.088028 -0.016315 0.997675 -0.066167 106.351395 0.076514 0.067228 0.994799 0.152561 0.000000 0.000000 0.000000 1.000000
0.999759 0.014264 -0.016658 -1.034204 -0.015111 0.998540 -0.051869 107.296883 0.015894 0.052108 0.998515 0.712206 0.000000 0.000000 0.000000 1.000000
0.998812 0.012288 0.047162 -0.792736 -0.011357 0.999736 -0.019959 108.695427 -0.047395 0.019399 0.998688 2.043638 0.000000 0.000000 0.000000 1.000000
0.994915 0.004009 0.100634 -0.371610 -0.006833 0.999592 0.027732 110.216522 -0.100481 -0.028279 0.994537 4.121181 0.000000 0.000000 0.000000 1.000000
0.990811 -0.008830 0.134963 0.187352 -0.001305 0.997196 0.074827 111.200279 -0.135245 -0.074316 0.988021 6.607229 0.000000 0.000000 0.000000 1.000000
0.987720 -0.024584 0.154286 0.782003 0.007569 0.993912 0.109917 111.180801 -0.156049 -0.107400 0.981893 9.167208 0.000000 0.000000 0.000000 1.000000
0.983931 -0.041995 0.173542 1.311765 0.018616 0.990778 0.134207 110.143341 -0.177578 -0.128819 0.975639 11.634494 0.000000 0.000000 0.000000 1.000000
0.976587 -0.056919 0.207454 1.757189 0.024836 0.987744 0.154092 108.397430 -0.213682 -0.145332 0.966032 13.975890 0.000000 0.000000 0.000000 1.000000
0.963740 -0.068674 0.257856 2.084904 0.023847 0.984615 0.173101 106.199982 -0.265776 -0.160676 0.950551 16.192343 0.000000 0.000000 0.000000 1.000000
0.946166 -0.080624 0.313479 2.267796 0.020444 0.981433 0.190710 103.775993 -0.323035 -0.174035 0.930247 18.349049 0.000000 0.000000 0.000000 1.000000
0.928444 -0.095194 0.359068 2.311636 0.020451 0.978240 0.206466 101.378334 -0.370909 -0.184349 0.910188 20.548401 0.000000 0.000000 0.000000 1.000000
0.916069 -0.110298 0.385555 2.206624 0.024022 0.974799 0.221789 99.218246 -0.400301 -0.193912 0.895632 22.851337 0.000000 0.000000 0.000000 1.000000
0.910831 -0.121588 0.394467 1.937777 0.027247 0.971259 0.236462 97.279907 -0.411880 -0.204629 0.887965 25.189896 0.000000 0.000000 0.000000 1.000000
0.910148 -0.126467 0.394507 1.575685 0.027444 0.968580 0.247184 95.426468 -0.413372 -0.214147 0.885022 27.454346 0.000000 0.000000 0.000000 1.000000
0.910715 -0.127346 0.392914 1.192702 0.026202 0.967180 0.252738 93.469490 -0.412204 -0.219877 0.884162 29.559711 0.000000 0.000000 0.000000 1.000000
0.911717 -0.128603 0.390170 0.811998 0.026427 0.966132 0.256691 91.274200 -0.409967 -0.223719 0.884238 31.498043 0.000000 0.000000 0.000000 1.000000
0.914607 -0.132251 0.382104 0.416091 0.030118 0.964655 0.261788 88.663200 -0.403221 -0.227924 0.886264 33.238235 0.000000 0.000000 0.000000 1.000000
0.920506 -0.137027 0.365913 -0.028491 0.038177 0.963550 0.264791 85.428146 -0.388859 -0.229772 0.892185 34.755543 0.000000 0.000000 0.000000 1.000000
0.928705 -0.140905 0.343005 -0.549351 0.050035 0.964150 0.260597 81.398880 -0.367428 -0.224856 0.902461 36.058636 0.000000 0.000000 0.000000 1.000000
0.937221 -0.143720 0.317744 -1.125530 0.063872 0.966461 0.248746 76.609184 -0.342837 -0.212835 0.914967 37.170834 0.000000 0.000000 0.000000 1.000000
0.944638 -0.146272 0.293706 -1.648102 0.078007 0.969587 0.231983 71.144325 -0.318706 -0.196229 0.927319 38.051517 0.000000 0.000000 0.000000 1.000000
0.951259 -0.148329 0.270380 -2.046267 0.091811 0.973192 0.210874 65.229118 -0.294411 -0.175772 0.939376 38.702179 0.000000 0.000000 0.000000 1.000000
0.958774 -0.146940 0.243232 -2.226107 0.102923 0.977382 0.184747 58.916962 -0.264877 -0.152097 0.952211 39.175900 0.000000 0.000000 0.000000 1.000000
0.968841 -0.141244 0.203462 -2.128502 0.109726 0.981216 0.158670 52.273693 -0.222051 -0.131401 0.966140 39.583447 0.000000 0.000000 0.000000 1.000000
0.980577 -0.134232 0.143003 -1.647041 0.113843 0.983252 0.142322 45.670315 -0.159712 -0.123278 0.979436 40.039810 0.000000 0.000000 0.000000 1.000000
0.989056 -0.132380 0.065137 -1.001575 0.123125 0.983846 0.129954 39.853218 -0.081288 -0.120512 0.989378 40.348591 0.000000 0.000000 0.000000 1.000000
0.990456 -0.137722 -0.005367 -0.695237 0.137596 0.985800 0.096255 36.291840 -0.007966 -0.096075 0.995342 40.530495 0.000000 0.000000 0.000000 1.000000
0.987033 -0.152769 -0.049272 -1.101646 0.154510 0.987416 0.033698 35.576302 0.043504 -0.040874 0.998217 40.527733 0.000000 0.000000 0.000000 1.000000
0.985384 -0.156287 -0.067775 -1.162123 0.154832 0.987592 -0.026253 37.271259 0.071037 0.015376 0.997355 40.629864 0.000000 0.000000 0.000000 1.000000
0.986130 -0.142678 -0.084795 -0.767198 0.139203 0.989213 -0.045602 39.900063 0.090386 0.033166 0.995354 40.954605 0.000000 0.000000 0.000000 1.000000
0.985533 -0.130283 -0.108398 -0.608339 0.129260 0.991474 -0.016442 42.605583 0.109616 0.002193 0.993972 41.796448 0.000000 0.000000 0.000000 1.000000
0.984747 -0.121621 -0.124422 -0.831760 0.125716 0.991736 0.025582 44.660034 0.120283 -0.040834 0.991900 43.297356 0.000000 0.000000 0.000000 1.000000
0.986011 -0.107705 -0.127206 -1.180982 0.113768 0.992645 0.041380 45.757179 0.121814 -0.055273 0.991013 45.352657 0.000000 0.000000 0.000000 1.000000
0.987448 -0.086685 -0.132030 -1.506539 0.091921 0.995183 0.034084 46.141239 0.128439 -0.045792 0.990660 47.774117 0.000000 0.000000 0.000000 1.000000
0.986182 -0.060580 -0.154193 -1.754471 0.066427 0.997244 0.033049 46.262001 0.151766 -0.042835 0.987488 50.271954 0.000000 0.000000 0.000000 1.000000
0.980776 -0.033262 -0.192280 -1.914480 0.043227 0.997918 0.047862 46.552898 0.190288 -0.055254 0.980172 52.655754 0.000000 0.000000 0.000000 1.000000
0.972721 -0.011148 -0.231710 -1.972013 0.026013 0.997787 0.061197 47.221443 0.230515 -0.065556 0.970858 54.963474 0.000000 0.000000 0.000000 1.000000
0.966843 0.002010 -0.255364 -1.883917 0.013098 0.998262 0.057450 48.178905 0.255035 -0.058890 0.965137 57.336353 0.000000 0.000000 0.000000 1.000000
0.967326 0.007634 -0.253421 -1.656105 0.002485 0.999213 0.039587 49.171658 0.253524 -0.038923 0.966546 59.882435 0.000000 0.000000 0.000000 1.000000
0.973948 0.011367 -0.226487 -1.342218 -0.006754 0.999754 0.021133 49.958645 0.226671 -0.019053 0.973785 62.616951 0.000000 0.000000 0.000000 1.000000
0.982750 0.017453 -0.184113 -1.015269 -0.015539 0.999809 0.011832 50.408764 0.184285 -0.008767 0.982834 65.505081 0.000000 0.000000 0.000000 1.000000
0.990133 0.025615 -0.137772 -0.711139 -0.024289 0.999641 0.011294 50.499020 0.138012 -0.007836 0.990400 68.495636 0.000000 0.000000 0.000000 1.000000
0.995075 0.033897 -0.093152 -0.401429 -0.032838 0.999378 0.012881 50.303635 0.093530 -0.009758 0.995569 71.566086 0.000000 0.000000 0.000000 1.000000
0.997819 0.040628 -0.052019 -0.062381 -0.040163 0.999143 0.009965 49.896893 0.052379 -0.007854 0.998596 74.698883 0.000000 0.000000 0.000000 1.000000
0.998836 0.045169 -0.016895 0.297445 -0.045216 0.998974 -0.002387 49.329132 0.016770 0.003148 0.999854 77.902405 0.000000 0.000000 0.000000 1.000000
0.998893 0.046330 0.008192 0.621495 -0.046087 0.998554 -0.027691 48.580265 -0.009463 0.027283 0.999583 81.138107 0.000000 0.000000 0.000000 1.000000
0.998782 0.043480 0.023326 0.857655 -0.041841 0.996899 -0.066642 47.624798 -0.026151 0.065585 0.997504 84.340698 0.000000 0.000000 0.000000 1.000000
0.998822 0.037041 0.031353 0.945037 -0.033158 0.992645 -0.116431 46.452950 -0.035435 0.115254 0.992704 87.478180 0.000000 0.000000 0.000000 1.000000
0.998713 0.032704 0.038774 0.871979 -0.025466 0.984360 -0.174320 45.098438 -0.043868 0.173108 0.983925 90.588844 0.000000 0.000000 0.000000 1.000000
0.998197 0.034782 0.048926 0.636485 -0.022058 0.970537 -0.239940 43.570442 -0.055830 0.238428 0.969554 93.717201 0.000000 0.000000 0.000000 1.000000
0.997209 0.040283 0.062864 0.299141 -0.018608 0.949486 -0.313258 41.775490 -0.072307 0.311214 0.947585 96.910057 0.000000 0.000000 0.000000 1.000000
0.996238 0.038427 0.077676 -0.129464 -0.004887 0.919802 -0.392352 39.529510 -0.086523 0.390497 0.916529 100.132889 0.000000 0.000000 0.000000 1.000000
0.995004 0.028915 0.095554 -0.665354 0.019987 0.880065 -0.474433 36.783218 -0.097811 0.473972 0.875090 103.365204 0.000000 0.000000 0.000000 1.000000
0.992341 0.023685 0.121233 -1.329532 0.048152 0.829632 -0.556230 33.603451 -0.113753 0.557807 0.822138 106.592888 0.000000 0.000000 0.000000 1.000000
0.987456 0.030142 0.154989 -2.115782 0.076220 0.768665 -0.635094 29.998169 -0.138278 0.638941 0.756725 109.798286 0.000000 0.000000 0.000000 1.000000
0.980397 0.042557 0.192383 -2.995951 0.108825 0.697001 -0.708764 25.856838 -0.164254 0.715806 0.678707 112.987350 0.000000 0.000000 0.000000 1.000000
0.971985 0.051987 0.229222 -3.961378 0.149465 0.615947 -0.773479 21.155714 -0.181400 0.786071 0.590921 116.055397 0.000000 0.000000 0.000000 1.000000
0.961468 0.064232 0.267308 -4.981915 0.194772 0.527054 -0.827211 16.475172 -0.194019 0.847401 0.494235 118.766510 0.000000 0.000000 0.000000 1.000000
0.941984 0.104995 0.318814 -5.914174 0.247154 0.425706 -0.870453 13.100390 -0.227114 0.898749 0.375058 120.902077 0.000000 0.000000 0.000000 1.000000
0.899242 0.188036 0.394976 -6.692780 0.329405 0.303056 -0.894231 11.977964 -0.287848 0.934237 0.210580 122.375061 0.000000 0.000000 0.000000 1.000000
0.828707 0.278514 0.485463 -7.476574 0.456386 0.165809 -0.874196 12.640230 -0.323970 0.946011 0.010297 123.878159 0.000000 0.000000 0.000000 1.000000
0.765333 0.310174 0.563966 -8.848843 0.581697 0.041712 -0.812335 14.190557 -0.275489 0.949764 -0.148504 125.948898 0.000000 0.000000 0.000000 1.000000
0.742459 0.263180 0.616028 -11.145999 0.647002 -0.043390 -0.761253 16.150040 -0.173617 0.963770 -0.202493 128.876053 0.000000 0.000000 0.000000 1.000000
0.749822 0.183506 0.635683 -13.966295 0.656481 -0.086599 -0.749356 18.224295 -0.082462 0.979197 -0.185402 132.036102 0.000000 0.000000 0.000000 1.000000
0.758139 0.127029 0.639601 -16.499287 0.651660 -0.111831 -0.750222 19.759607 -0.023772 0.985575 -0.167563 134.772751 0.000000 0.000000 0.000000 1.000000
0.750673 0.107641 0.651847 -18.391605 0.660377 -0.151870 -0.735417 20.242455 0.019835 0.982522 -0.185089 137.073273 0.000000 0.000000 0.000000 1.000000
0.734323 0.112273 0.669451 -19.889084 0.675868 -0.212496 -0.705725 19.996460 0.063021 0.970691 -0.231922 138.936188 0.000000 0.000000 0.000000 1.000000
0.728989 0.126988 0.672644 -21.357065 0.677885 -0.270470 -0.683607 19.458366 0.095120 0.954317 -0.283253 140.363083 0.000000 0.000000 0.000000 1.000000
0.744280 0.144137 0.652128 -22.701284 0.660788 -0.300723 -0.687696 18.606592 0.096988 0.942757 -0.319066 141.276169 0.000000 0.000000 0.000000 1.000000
0.773238 0.162328 0.612987 -23.374678 0.630851 -0.294894 -0.717680 17.168358 0.064267 0.941641 -0.330428 141.806351 0.000000 0.000000 0.000000 1.000000
0.804361 0.182581 0.565391 -23.139933 0.594073 -0.261504 -0.760719 15.332763 0.008959 0.947776 -0.318810 142.137299 0.000000 0.000000 0.000000 1.000000
0.827909 0.204117 0.522401 -22.275095 0.558655 -0.217570 -0.800355 13.791890 -0.049707 0.954463 -0.294159 142.179108 0.000000 0.000000 0.000000 1.000000
0.837855 0.222003 0.498713 -21.499018 0.538500 -0.186275 -0.821778 13.154100 -0.089540 0.957087 -0.275620 141.745331 0.000000 0.000000 0.000000 1.000000
0.834300 0.239594 0.496526 -20.943127 0.541324 -0.185366 -0.820126 13.278835 -0.104458 0.953013 -0.284349 140.967026 0.000000 0.000000 0.000000 1.000000
0.823719 0.266993 0.500202 -20.249674 0.556867 -0.214921 -0.802314 13.706538 -0.106708 0.939427 -0.325714 140.172943 0.000000 0.000000 0.000000 1.000000
0.815865 0.302701 0.492682 -19.647678 0.567474 -0.255473 -0.782756 14.163349 -0.111074 0.918208 -0.380207 139.340927 0.000000 0.000000 0.000000 1.000000
0.815393 0.334726 0.472327 -19.272545 0.564224 -0.276910 -0.777800 14.315419 -0.129558 0.900710 -0.414651 138.830566 0.000000 0.000000 0.000000 1.000000
0.818532 0.353511 0.452809 -19.175035 0.551141 -0.260951 -0.792558 13.757509 -0.162017 0.898296 -0.408431 138.725830 0.000000 0.000000 0.000000 1.000000
0.819111 0.359713 0.446838 -19.283176 0.539071 -0.216389 -0.813989 12.639668 -0.196112 0.907624 -0.371158 138.774673 0.000000 0.000000 0.000000 1.000000
0.816757 0.358450 0.452130 -19.547146 0.533673 -0.171461 -0.828127 11.656195 -0.219319 0.917668 -0.331337 138.496994 0.000000 0.000000 0.000000 1.000000
0.816585 0.355584 0.454696 -19.658144 0.529053 -0.146022 -0.835931 11.281442 -0.230848 0.923167 -0.307362 137.928223 0.000000 0.000000 0.000000 1.000000
0.822946 0.354038 0.444316 -19.480625 0.516482 -0.140441 -0.844703 11.350329 -0.236657 0.924626 -0.298430 137.231094 0.000000 0.000000 0.000000 1.000000
0.833727 0.352625 0.424919 -19.254435 0.497855 -0.147203 -0.854676 11.493412 -0.238831 0.924114 -0.298283 136.693115 0.000000 0.000000 0.000000 1.000000
0.842937 0.349878 0.408709 -19.196001 0.483473 -0.159330 -0.860737 11.518055 -0.236033 0.923147 -0.303461 136.431686 0.000000 0.000000 0.000000 1.000000
0.846571 0.346949 0.403664 -19.207424 0.479929 -0.169581 -0.860761 11.408407 -0.230186 0.922426 -0.310073 136.356689 0.000000 0.000000 0.000000 1.000000
0.845021 0.345173 0.408407 -19.174953 0.484716 -0.171918 -0.857610 11.229856 -0.225811 0.922659 -0.312585 136.261917 0.000000 0.000000 0.000000 1.000000
0.841028 0.344799 0.416875 -19.073950 0.491545 -0.165192 -0.855041 11.074322 -0.225953 0.924027 -0.308416 136.201752 0.000000 0.000000 0.000000 1.000000
0.837414 0.344715 0.424157 -18.982513 0.496263 -0.154336 -0.854344 10.999146 -0.229042 0.925933 -0.300312 136.187653 0.000000 0.000000 0.000000 1.000000
0.835501 0.343915 0.428556 -18.942265 0.498427 -0.146009 -0.854548 10.972332 -0.231319 0.927580 -0.293407 136.191589 0.000000 0.000000 0.000000 1.000000
0.835171 0.342518 0.430315 -18.897575 0.499112 -0.143341 -0.854599 10.921839 -0.231034 0.928512 -0.290669 136.191437 0.000000 0.000000 0.000000 1.000000
0.836034 0.340878 0.429941 -18.830496 0.498523 -0.144626 -0.854727 10.855465 -0.229177 0.928916 -0.290848 136.183014 0.000000 0.000000 0.000000 1.000000
0.838113 0.338349 0.427886 -18.755117 0.496045 -0.146381 -0.855869 10.795605 -0.226948 0.929566 -0.290521 136.172974 0.000000 0.000000 0.000000 1.000000
0.841640 0.333782 0.424537 -18.706556 0.491389 -0.147250 -0.858402 10.753510 -0.224006 0.931078 -0.287949 136.165298 0.000000 0.000000 0.000000 1.000000
0.846529 0.327057 0.420026 -18.708710 0.484916 -0.148200 -0.861912 10.726015 -0.219646 0.933312 -0.284051 136.159851 0.000000 0.000000 0.000000 1.000000
0.852356 0.319061 0.414353 -18.773159 0.477180 -0.150306 -0.865856 10.708465 -0.213981 0.935739 -0.280364 136.154099 0.000000 0.000000 0.000000 1.000000</float_array>
        <technique_common>
          <accessor source="#mixamorig_Hips-Matrix-animation-output-transform-array" count="101" stride="16">
            <param type="float4x4"/>
          </accessor>
        </technique_common>
      </source>
      <source id="mixamorig_Hips-Interpolations">
        <Name_array id="mixamorig_Hips-Interpolations-array" count="101">
 LINEAR LINEAR LINEAR LINEAR LINEAR LINEAR LINEAR LINEAR LINEAR LINEAR LINEAR
LINEAR LINEAR LINEAR LINEAR LINEAR LINEAR LINEAR LINEAR LINEAR LINEAR LINEAR LINEAR
LINEAR LINEAR LINEAR LINEAR LINEAR LINEAR LINEAR LINEAR LINEAR LINEAR LINEAR LINEAR
LINEAR LINEAR LINEAR LINEAR LINEAR LINEAR LINEAR LINEAR LINEAR LINEAR LINEAR LINEAR
LINEAR LINEAR LINEAR LINEAR LINEAR LINEAR LINEAR LINEAR LINEAR LINEAR LINEAR LINEAR
LINEAR LINEAR LINEAR LINEAR LINEAR LINEAR LINEAR LINEAR LINEAR LINEAR LINEAR LINEAR
LINEAR LINEAR LINEAR LINEAR LINEAR LINEAR LINEAR LINEAR LINEAR LINEAR LINEAR LINEAR
LINEAR LINEAR LINEAR LINEAR LINEAR LINEAR LINEAR LINEAR LINEAR LINEAR LINEAR LINEAR
LINEAR LINEAR LINEAR LINEAR LINEAR LINEAR</Name_array>
        <technique_common>
          <accessor source="#mixamorig_Hips-Interpolations-array" count="101">
            <param type="name"/>
          </accessor>
        </technique_common>
      </source>
      <sampler id="mixamorig_Hips-Matrix-animation-transform">
        <input semantic="INPUT" source="#mixamorig_Hips-Matrix-animation-input"/>
        <input semantic="OUTPUT" source="#mixamorig_Hips-Matrix-animation-output-transform"/>
        <input semantic="INTERPOLATION" source="#mixamorig_Hips-Interpolations"/>
      </sampler>
      <channel source="#mixamorig_Hips-Matrix-animation-transform" target="mixamorig_Hips/matrix"/>
    </animation>
    <animation id="mixamorig_Spine-anim" name="mixamorig_Spine">
      <source id="mixamorig_Spine-Matrix-animation-input">
        <float_array id="mixamorig_Spine-Matrix-animation-input-array" count="101">

0.000000 0.033333 0.066667 0.100000 0.133333 0.166667 0.200000 0.233333 0.266667 0.300000 0.333333 0.366667 0.400000 0.433333 0.466667 0.500000
0.533333 0.566667 0.600000 0.633333 0.666667 0.700000 0.733333 0.766667 0.800000 0.833333 0.866667 0.900000 0.933333 0.966667 1.000000 1.033333
1.066667 1.100000 1.133333 1.166667 1.200000 1.233333 1.266667 1.300000 1.333333 1.366667 1.400000 1.433333 1.466667 1.500000 1.533333 1.566667
1.600000 1.633333 1.666667 1.700000 1.733333 1.766667 1.800000 1.833333 1.866667 1.900000 1.933333 1.966667 2.000000 2.033333 2.066667 2.100000
2.133333 2.166667 2.200000 2.233333 2.266667 2.300000 2.333333 2.366667 2.400000 2.433333 2.466667 2.500000 2.533333 2.566667 2.600000 2.633333
2.666667 2.700000 2.733333 2.766667 2.800000 2.833333 2.866667 2.900000 2.933333 2.966667 3.000000 3.033333 3.066667 3.100000 3.133333 3.166667
3.200000 3.233333 3.266667 3.300000 3.333333</float_array>
        <technique_common>
          <accessor source="#mixamorig_Spine-Matrix-animation-input-array" count="101">
            <param name="TIME" type="float"/>
          </accessor>
        </technique_common>
      </source>
      <source id="mixamorig_Spine-Matrix-animation-output-transform">
        <float_array id="mixamorig_Spine-Matrix-animation-output-transform-array" count="1616">

0.999520 -0.028569 -0.011949 0.072000 0.029127 0.998355 0.049384 7.257300 0.010519 -0.049709 0.998708 -0.789700 0.000000 0.000000 0.000000 1.000000
0.999638 -0.024522 -0.011090 0.072000 0.024954 0.998865 0.040568 7.257300 0.010083 -0.040830 0.999115 -0.789700 0.000000 0.000000 0.000000 1.000000
0.999772 -0.019371 -0.008988 0.072000 0.019646 0.999306 0.031640 7.257300 0.008369 -0.031810 0.999459 -0.789700 0.000000 0.000000 0.000000 1.000000
0.999869 -0.014062 -0.008041 0.072000 0.014226 0.999684 0.020712 7.257300 0.007747 -0.020824 0.999753 -0.789700 0.000000 0.000000 0.000000 1.000000
0.999966 -0.007938 -0.002091 0.072000 0.007952 0.999945 0.006891 7.257300 0.002036 -0.006908 0.999974 -0.789700 0.000000 0.000000 0.000000 1.000000
0.999990 -0.003578 -0.002843 0.072000 0.003564 0.999982 -0.004727 7.257300 0.002860 0.004716 0.999985 -0.789700 0.000000 0.000000 0.000000 1.000000
0.999992 -0.000201 0.004096 0.072000 0.000292 0.999750 -0.022345 7.257300 -0.004090 0.022346 0.999742 -0.789700 0.000000 0.000000 0.000000 1.000000
0.999959 -0.000334 0.009094 0.072000 0.000469 0.999890 -0.014846 7.257300 -0.009088 0.014849 0.999848 -0.789700 0.000000 0.000000 0.000000 1.000000
0.999522 -0.009896 0.029296 0.072000 0.009906 0.999951 -0.000182 7.257300 -0.029293 0.000472 0.999571 -0.789700 0.000000 0.000000 0.000000 1.000000
0.999006 -0.018901 0.040377 0.072000 0.018046 0.999607 0.021454 7.257300 -0.040766 -0.020704 0.998954 -0.789700 0.000000 0.000000 0.000000 1.000000
0.998603 -0.033171 0.041120 0.072000 0.030819 0.997923 0.056561 7.257300 -0.042911 -0.055215 0.997552 -0.789700 0.000000 0.000000 0.000000 1.000000
0.997664 -0.045766 0.050718 0.072000 0.041289 0.995433 0.086069 7.257300 -0.054425 -0.083774 0.994997 -0.789700 0.000000 0.000000 0.000000 1.000000
0.996050 -0.055333 0.069446 0.072000 0.047149 0.992314 0.114411 7.257300 -0.075243 -0.110685 0.991003 -0.789700 0.000000 0.000000 0.000000 1.000000
0.994830 -0.062678 0.079907 0.072000 0.051434 0.989409 0.135738 7.257300 -0.087568 -0.130926 0.987517 -0.789700 0.000000 0.000000 0.000000 1.000000
0.993948 -0.069139 0.085359 0.072000 0.055885 0.987267 0.148931 7.257300 -0.094569 -0.143260 0.985157 -0.789700 0.000000 0.000000 0.000000 1.000000
0.992925 -0.062970 0.100674 0.072000 0.046644 0.986497 0.157000 7.257300 -0.109200 -0.151193 0.982454 -0.789700 0.000000 0.000000 0.000000 1.000000
0.990721 -0.045185 0.128179 0.072000 0.023108 0.985387 0.168754 7.257300 -0.133931 -0.164227 0.977288 -0.789700 0.000000 0.000000 0.000000 1.000000
0.986870 -0.024331 0.159671 0.072000 -0.005683 0.982745 0.184877 7.257300 -0.161414 -0.183357 0.969704 -0.789700 0.000000 0.000000 0.000000 1.000000
0.981516 -0.004480 0.191330 0.072000 -0.033026 0.980763 0.192387 7.257300 -0.188511 -0.195149 0.962486 -0.789700 0.000000 0.000000 0.000000 1.000000
0.976070 0.005697 0.217382 0.072000 -0.050174 0.978583 0.199643 7.257300 -0.211589 -0.205773 0.955452 -0.789700 0.000000 0.000000 0.000000 1.000000
0.973324 0.012847 0.229077 0.072000 -0.061700 0.976307 0.207407 7.257300 -0.220985 -0.216008 0.951055 -0.789700 0.000000 0.000000 0.000000 1.000000
0.972286 0.016168 0.233237 0.072000 -0.067649 0.974387 0.214463 7.257300 -0.223795 -0.224298 0.948476 -0.789700 0.000000 0.000000 0.000000 1.000000
0.971913 0.014141 0.234916 0.072000 -0.065476 0.975030 0.212201 7.257300 -0.226049 -0.221622 0.948570 -0.789700 0.000000 0.000000 0.000000 1.000000
0.970863 0.010729 0.239396 0.072000 -0.061212 0.976959 0.204461 7.257300 -0.231687 -0.213158 0.949150 -0.789700 0.000000 0.000000 0.000000 1.000000
0.967952 0.009437 0.250958 0.072000 -0.059932 0.979102 0.194338 7.257300 -0.243880 -0.203151 0.948289 -0.789700 0.000000 0.000000 0.000000 1.000000
0.963141 0.009453 0.268832 0.072000 -0.059809 0.981892 0.179750 7.257300 -0.262265 -0.189203 0.946266 -0.789700 0.000000 0.000000 0.000000 1.000000
0.958304 0.012766 0.285466 0.072000 -0.060566 0.985379 0.159251 7.257300 -0.279259 -0.169901 0.945065 -0.789700 0.000000 0.000000 0.000000 1.000000
0.955153 0.014744 0.295747 0.072000 -0.057493 0.988987 0.136376 7.257300 -0.290479 -0.147264 0.945482 -0.789700 0.000000 0.000000 0.000000 1.000000
0.955985 0.008979 0.293278 0.072000 -0.043203 0.992945 0.110426 7.257300 -0.290217 -0.118236 0.949628 -0.789700 0.000000 0.000000 0.000000 1.000000
0.956247 -0.005134 0.292516 0.072000 -0.020395 0.996244 0.084157 7.257300 -0.291850 -0.086441 0.952550 -0.789700 0.000000 0.000000 0.000000 1.000000
0.957246 -0.018209 0.288702 0.072000 0.002176 0.998442 0.055758 7.257300 -0.289268 -0.052746 0.955794 -0.789700 0.000000 0.000000 0.000000 1.000000
0.960239 -0.031494 0.277397 0.072000 0.037920 0.999122 -0.017830 7.257300 -0.276592 0.027640 0.960590 -0.789700 0.000000 0.000000 0.000000 1.000000
0.959648 -0.051119 0.276520 0.072000 0.074489 0.994422 -0.074678 7.257300 -0.271160 0.092262 0.958102 -0.789700 0.000000 0.000000 0.000000 1.000000
0.970328 -0.047385 0.237102 0.072000 0.068855 0.994160 -0.083099 7.257300 -0.231780 0.096959 0.967924 -0.789700 0.000000 0.000000 0.000000 1.000000
0.976691 -0.103139 0.188248 0.072000 0.114245 0.992238 -0.049104 7.257300 -0.181723 0.069466 0.980893 -0.789700 0.000000 0.000000 0.000000 1.000000
0.983897 -0.140333 0.110692 0.072000 0.139480 0.990104 0.015451 7.257300 -0.111765 0.000237 0.993735 -0.789700 0.000000 0.000000 0.000000 1.000000
0.989625 -0.139250 0.035385 0.072000 0.139187 0.990257 0.004245 7.257300 -0.035631 0.000724 0.999365 -0.789700 0.000000 0.000000 0.000000 1.000000
0.992020 -0.122372 -0.030351 0.072000 0.121604 0.992239 -0.025967 7.257300 0.033293 0.022069 0.999202 -0.789700 0.000000 0.000000 0.000000 1.000000
0.989715 -0.113308 -0.087322 0.072000 0.111356 0.993416 -0.026931 7.257300 0.089798 0.016930 0.995816 -0.789700 0.000000 0.000000 0.000000 1.000000
0.983748 -0.108123 -0.143349 0.072000 0.108419 0.994089 -0.005764 7.257300 0.143125 -0.009871 0.989655 -0.789700 0.000000 0.000000 0.000000 1.000000
0.977240 -0.106750 -0.183321 0.072000 0.109407 0.993987 0.004415 7.257300 0.181748 -0.024371 0.983043 -0.789700 0.000000 0.000000 0.000000 1.000000
0.971949 -0.108473 -0.208682 0.072000 0.111476 0.993764 0.002644 7.257300 0.207094 -0.025833 0.977980 -0.789700 0.000000 0.000000 0.000000 1.000000
0.969146 -0.109822 -0.220672 0.072000 0.115691 0.993189 0.013809 7.257300 0.217652 -0.038913 0.975250 -0.789700 0.000000 0.000000 0.000000 1.000000
0.969013 -0.113150 -0.219570 0.072000 0.125842 0.991045 0.044660 7.257300 0.212551 -0.070907 0.974574 -0.789700 0.000000 0.000000 0.000000 1.000000
0.969383 -0.117224 -0.215768 0.072000 0.138242 0.986745 0.084991 7.257300 0.202945 -0.112217 0.972739 -0.789700 0.000000 0.000000 0.000000 1.000000
0.968361 -0.121351 -0.218063 0.072000 0.151825 0.979971 0.128867 7.257300 0.198057 -0.157897 0.967389 -0.789700 0.000000 0.000000 0.000000 1.000000
0.968190 -0.122042 -0.218437 0.072000 0.159785 0.973366 0.164399 7.257300 0.192556 -0.194072 0.961904 -0.789700 0.000000 0.000000 0.000000 1.000000
0.970835 -0.116281 -0.209662 0.072000 0.157680 0.968441 0.193026 7.257300 0.180600 -0.220456 0.958532 -0.789700 0.000000 0.000000 0.000000 1.000000
0.975351 -0.108466 -0.192159 0.072000 0.150029 0.964562 0.217053 7.257300 0.161807 -0.240533 0.957059 -0.789700 0.000000 0.000000 0.000000 1.000000
0.978503 -0.097936 -0.181496 0.072000 0.140137 0.961413 0.236741 7.257300 0.151307 -0.257087 0.954470 -0.789700 0.000000 0.000000 0.000000 1.000000
0.981027 -0.089056 -0.172204 0.072000 0.131701 0.957966 0.254867 7.257300 0.142268 -0.272711 0.951519 -0.789700 0.000000 0.000000 0.000000 1.000000
0.983783 -0.078456 -0.161297 0.072000 0.120754 0.954645 0.272161 7.257300 0.132628 -0.287224 0.948637 -0.789700 0.000000 0.000000 0.000000 1.000000
0.986419 -0.069161 -0.148978 0.072000 0.110990 0.949276 0.294204 7.257300 0.121074 -0.306743 0.944060 -0.789700 0.000000 0.000000 0.000000 1.000000
0.988985 -0.056923 -0.136630 0.072000 0.097782 0.944243 0.314396 7.257300 0.111116 -0.324293 0.939408 -0.789700 0.000000 0.000000 0.000000 1.000000
0.991100 -0.047118 -0.124504 0.072000 0.086125 0.940114 0.329801 7.257300 0.101508 -0.337588 0.935805 -0.789700 0.000000 0.000000 0.000000 1.000000
0.993918 -0.040483 -0.102409 0.072000 0.073279 0.937322 0.340672 7.257300 0.082199 -0.346105 0.934588 -0.789700 0.000000 0.000000 0.000000 1.000000
0.994829 -0.046397 -0.090346 0.072000 0.075691 0.931824 0.354928 7.257300 0.067719 -0.359931 0.930518 -0.789700 0.000000 0.000000 0.000000 1.000000
0.996372 -0.041711 -0.074177 0.072000 0.065652 0.931354 0.358147 7.257300 0.054146 -0.361718 0.930714 -0.789700 0.000000 0.000000 0.000000 1.000000
0.998937 -0.016004 -0.043237 0.072000 0.030706 0.930509 0.364980 7.257300 0.034391 -0.365919 0.930011 -0.789700 0.000000 0.000000 0.000000 1.000000
0.999821 0.009866 -0.016159 0.072000 -0.003231 0.929871 0.367872 7.257300 0.018655 -0.367754 0.929736 -0.789700 0.000000 0.000000 0.000000 1.000000
0.999354 0.034809 0.008884 0.072000 -0.035689 0.933687 0.356307 7.257300 0.004108 -0.356394 0.934327 -0.789700 0.000000 0.000000 0.000000 1.000000
0.997143 0.067634 0.033641 0.072000 -0.075012 0.939047 0.335504 7.257300 -0.008899 -0.337069 0.941438 -0.789700 0.000000 0.000000 0.000000 1.000000
0.994122 0.096873 0.048339 0.072000 -0.107112 0.945022 0.308967 7.257300 -0.015750 -0.312328 0.949844 -0.789700 0.000000 0.000000 0.000000 1.000000
0.989271 0.127002 0.072204 0.072000 -0.141659 0.954730 0.261580 7.257300 -0.035714 -0.269002 0.962477 -0.789700 0.000000 0.000000 0.000000 1.000000
0.984426 0.134503 0.113205 0.072000 -0.153858 0.970691 0.184628 7.257300 -0.085054 -0.199170 0.976267 -0.789700 0.000000 0.000000 0.000000 1.000000
0.973725 0.101913 0.203651 0.072000 -0.127848 0.984687 0.118521 7.257300 -0.188453 -0.141443 0.971843 -0.789700 0.000000 0.000000 0.000000 1.000000
0.973878 -0.000312 0.227073 0.072000 -0.014471 0.997881 0.063434 7.257300 -0.226611 -0.065063 0.971810 -0.789700 0.000000 0.000000 0.000000 1.000000
0.984207 0.033223 0.173879 0.072000 -0.052880 0.992560 0.109673 7.257300 -0.168941 -0.117136 0.978641 -0.789700 0.000000 0.000000 0.000000 1.000000
0.977825 0.141590 0.154309 0.072000 -0.153650 0.985699 0.069198 7.257300 -0.142305 -0.091374 0.985596 -0.789700 0.000000 0.000000 0.000000 1.000000
0.963705 0.219179 0.152421 0.072000 -0.222528 0.974913 0.005058 7.257300 -0.147489 -0.038793 0.988303 -0.789700 0.000000 0.000000 0.000000 1.000000
0.944724 0.272809 0.181857 0.072000 -0.265326 0.961981 -0.064763 7.257300 -0.192611 0.012932 0.981190 -0.789700 0.000000 0.000000 0.000000 1.000000
0.931255 0.339419 0.132510 0.072000 -0.332323 0.940328 -0.073113 7.257300 -0.149419 0.024051 0.988481 -0.789700 0.000000 0.000000 0.000000 1.000000
0.916857 0.389893 0.085769 0.072000 -0.388191 0.920860 -0.036387 7.257300 -0.093168 0.000067 0.995650 -0.789700 0.000000 0.000000 0.000000 1.000000
0.907082 0.415233 0.069164 0.072000 -0.415049 0.909627 -0.017684 7.257300 -0.070256 -0.012666 0.997449 -0.789700 0.000000 0.000000 0.000000 1.000000
0.904192 0.424728 0.045203 0.072000 -0.425765 0.904691 0.016052 7.257300 -0.034077 -0.033760 0.998849 -0.789700 0.000000 0.000000 0.000000 1.000000
0.907350 0.420362 0.003441 0.072000 -0.420173 0.906625 0.038557 7.257300 0.013088 -0.036431 0.999250 -0.789700 0.000000 0.000000 0.000000 1.000000
0.916349 0.399241 -0.030191 0.072000 -0.397499 0.916195 0.050809 7.257300 0.047946 -0.034558 0.998252 -0.789700 0.000000 0.000000 0.000000 1.000000
0.934093 0.354910 -0.038853 0.072000 -0.352565 0.934089 0.056351 7.257300 0.056292 -0.038939 0.997655 -0.789700 0.000000 0.000000 0.000000 1.000000
0.941783 0.331390 -0.056789 0.072000 -0.329424 0.943278 0.041321 7.257300 0.067261 -0.020208 0.997531 -0.789700 0.000000 0.000000 0.000000 1.000000
0.941860 0.324675 -0.086520 0.072000 -0.320049 0.945289 0.063227 7.257300 0.102315 -0.031860 0.994242 -0.789700 0.000000 0.000000 0.000000 1.000000
0.945639 0.305953 -0.110269 0.072000 -0.294583 0.949484 0.108173 7.257300 0.137795 -0.069809 0.987998 -0.789700 0.000000 0.000000 0.000000 1.000000
0.948024 0.287366 -0.136642 0.072000 -0.265865 0.951295 0.156054 7.257300 0.174832 -0.111615 0.978252 -0.789700 0.000000 0.000000 0.000000 1.000000
0.952047 0.267666 -0.148191 0.072000 -0.238669 0.952799 0.187648 7.257300 0.191423 -0.143281 0.970993 -0.789700 0.000000 0.000000 0.000000 1.000000
0.957659 0.250278 -0.142300 0.072000 -0.223285 0.957672 0.181682 7.257300 0.181748 -0.142216 0.973007 -0.789700 0.000000 0.000000 0.000000 1.000000
0.963609 0.233969 -0.129290 0.072000 -0.214516 0.965406 0.148237 7.257300 0.159500 -0.115107 0.980464 -0.789700 0.000000 0.000000 0.000000 1.000000
0.967244 0.223423 -0.120505 0.072000 -0.209305 0.970531 0.119417 7.257300 0.143635 -0.090282 0.985504 -0.789700 0.000000 0.000000 0.000000 1.000000
0.968901 0.218899 -0.115389 0.072000 -0.207520 0.972799 0.102943 7.257300 0.134784 -0.075796 0.987972 -0.789700 0.000000 0.000000 0.000000 1.000000
0.971413 0.212379 -0.106078 0.072000 -0.202233 0.974343 0.098779 7.257300 0.124335 -0.074503 0.989439 -0.789700 0.000000 0.000000 0.000000 1.000000
0.973298 0.209587 -0.093622 0.072000 -0.200051 0.974484 0.101790 7.257300 0.112567 -0.080343 0.990391 -0.789700 0.000000 0.000000 0.000000 1.000000
0.973532 0.214095 -0.079995 0.072000 -0.204942 0.972675 0.109095 7.257300 0.101166 -0.089813 0.990807 -0.789700 0.000000 0.000000 0.000000 1.000000
0.972907 0.218431 -0.075758 0.072000 -0.209047 0.971088 0.115268 7.257300 0.098746 -0.096308 0.990441 -0.789700 0.000000 0.000000 0.000000 1.000000
0.972454 0.221306 -0.073193 0.072000 -0.212189 0.970436 0.115022 7.257300 0.096484 -0.096323 0.990663 -0.789700 0.000000 0.000000 0.000000 1.000000
0.973100 0.218043 -0.074392 0.072000 -0.209466 0.971793 0.108362 7.257300 0.095921 -0.089865 0.991324 -0.789700 0.000000 0.000000 0.000000 1.000000
0.974097 0.212589 -0.077073 0.072000 -0.204546 0.973683 0.100508 7.257300 0.096411 -0.082139 0.991947 -0.789700 0.000000 0.000000 0.000000 1.000000
0.974822 0.208582 -0.078837 0.072000 -0.200933 0.974986 0.095013 7.257300 0.096683 -0.076780 0.992349 -0.789700 0.000000 0.000000 0.000000 1.000000
0.975071 0.207188 -0.079432 0.072000 -0.199658 0.975411 0.093329 7.257300 0.096815 -0.075143 0.992462 -0.789700 0.000000 0.000000 0.000000 1.000000
0.975030 0.207949 -0.077940 0.072000 -0.200228 0.974987 0.096482 7.257300 0.096054 -0.078467 0.992279 -0.789700 0.000000 0.000000 0.000000 1.000000
0.975030 0.209411 -0.073921 0.072000 -0.201740 0.974387 0.099357 7.257300 0.092834 -0.081963 0.992302 -0.789700 0.000000 0.000000 0.000000 1.000000
0.974913 0.211651 -0.068910 0.072000 -0.204275 0.973722 0.100683 7.257300 0.088409 -0.084080 0.992529 -0.789700 0.000000 0.000000 0.000000 1.000000
0.974354 0.215975 -0.063152 0.072000 -0.208963 0.972577 0.102119 7.257300 0.083475 -0.086304 0.992766 -0.789700 0.000000 0.000000 0.000000 1.000000
0.973833 0.220249 -0.056043 0.072000 -0.213741 0.971392 0.103497 7.257300 0.077234 -0.088810 0.993050 -0.789700 0.000000 0.000000 0.000000 1.000000</float_array>
        <technique_common>
          <accessor source="#mixamorig_Spine-Matrix-animation-output-transform-array" count="101" stride="16">
            <param type="float4x4"/>
          </accessor>
        </technique_common>
      </source>
      <source id="mixamorig_Spine-Interpolations">
        <Name_array id="mixamorig_Spine-Interpolations-array" count="101">
 LINEAR LINEAR LINEAR LINEAR LINEAR LINEAR LINEAR LINEAR LINEAR LINEAR LINEAR
LINEAR LINEAR LINEAR LINEAR LINEAR LINEAR LINEAR LINEAR LINEAR LINEAR LINEAR LINEAR
LINEAR LINEAR LINEAR LINEAR LINEAR LINEAR LINEAR LINEAR LINEAR LINEAR LINEAR LINEAR
LINEAR LINEAR LINEAR LINEAR LINEAR LINEAR LINEAR LINEAR LINEAR LINEAR LINEAR LINEAR
LINEAR LINEAR LINEAR LINEAR LINEAR LINEAR LINEAR LINEAR LINEAR LINEAR LINEAR LINEAR
LINEAR LINEAR LINEAR LINEAR LINEAR LINEAR LINEAR LINEAR LINEAR LINEAR LINEAR LINEAR
LINEAR LINEAR LINEAR LINEAR LINEAR LINEAR LINEAR LINEAR LINEAR LINEAR LINEAR LINEAR
LINEAR LINEAR LINEAR LINEAR LINEAR LINEAR LINEAR LINEAR LINEAR LINEAR LINEAR LINEAR
LINEAR LINEAR LINEAR LINEAR LINEAR LINEAR</Name_array>
        <technique_common>
          <accessor source="#mixamorig_Spine-Interpolations-array" count="101">
            <param type="name"/>
          </accessor>
        </technique_common>
      </source>
      <sampler id="mixamorig_Spine-Matrix-animation-transform">
        <input semantic="INPUT" source="#mixamorig_Spine-Matrix-animation-input"/>
        <input semantic="OUTPUT" source="#mixamorig_Spine-Matrix-animation-output-transform"/>
        <input semantic="INTERPOLATION" source="#mixamorig_Spine-Interpolations"/>
      </sampler>
      <channel source="#mixamorig_Spine-Matrix-animation-transform" target="mixamorig_Spine/matrix"/>
    </animation>
    <animation id="mixamorig_Spine1-anim" name="mixamorig_Spine1">
      <source id="mixamorig_Spine1-Matrix-animation-input">
        <float_array id="mixamorig_Spine1-Matrix-animation-input-array" count="101">

0.000000 0.033333 0.066667 0.100000 0.133333 0.166667 0.200000 0.233333 0.266667 0.300000 0.333333 0.366667 0.400000 0.433333 0.466667 0.500000
0.533333 0.566667 0.600000 0.633333 0.666667 0.700000 0.733333 0.766667 0.800000 0.833333 0.866667 0.900000 0.933333 0.966667 1.000000 1.033333
1.066667 1.100000 1.133333 1.166667 1.200000 1.233333 1.266667 1.300000 1.333333 1.366667 1.400000 1.433333 1.466667 1.500000 1.533333 1.566667
1.600000 1.633333 1.666667 1.700000 1.733333 1.766667 1.800000 1.833333 1.866667 1.900000 1.933333 1.966667 2.000000 2.033333 2.066667 2.100000
2.133333 2.166667 2.200000 2.233333 2.266667 2.300000 2.333333 2.366667 2.400000 2.433333 2.466667 2.500000 2.533333 2.566667 2.600000 2.633333
2.666667 2.700000 2.733333 2.766667 2.800000 2.833333 2.866667 2.900000 2.933333 2.966667 3.000000 3.033333 3.066667 3.100000 3.133333 3.166667
3.200000 3.233333 3.266667 3.300000 3.333333</float_array>
        <technique_common>
          <accessor source="#mixamorig_Spine1-Matrix-animation-input-array" count="101">
            <param name="TIME" type="float"/>
          </accessor>
        </technique_common>
      </source>
      <source id="mixamorig_Spine1-Matrix-animation-output-transform">
        <float_array id="mixamorig_Spine1-Matrix-animation-output-transform-array" count="1616">

0.999491 -0.023022 -0.022065 0.000000 0.020039 0.991700 -0.126998 8.558700 0.024806 0.126492 0.991657 -0.000000 0.000000 0.000000 0.000000 1.000000
0.999578 -0.020702 -0.020381 0.000000 0.018128 0.992702 -0.119224 8.558700 0.022701 0.118804 0.992658 -0.000000 0.000000 0.000000 0.000000 1.000000
0.999679 -0.017746 -0.018100 0.000000 0.015642 0.993764 -0.110398 8.558700 0.019946 0.110080 0.993723 0.000000 0.000000 0.000000 0.000000 1.000000
0.999759 -0.014869 -0.016179 -0.000000 0.013149 0.994735 -0.101631 8.558700 0.017605 0.101394 0.994691 0.000000 0.000000 0.000000 0.000000 1.000000
0.999846 -0.013162 -0.011595 0.000000 0.012031 0.995618 -0.092735 8.558700 0.012765 0.092582 0.995623 0.000000 0.000000 0.000000 0.000000 1.000000
0.999904 -0.008722 -0.010765 0.000000 0.007791 0.996461 -0.083695 8.558700 0.011457 0.083603 0.996433 -0.000000 0.000000 0.000000 0.000000 1.000000
0.999958 -0.006960 -0.005919 0.000000 0.006486 0.997038 -0.076640 8.558700 0.006435 0.076598 0.997041 -0.000000 0.000000 0.000000 0.000000 1.000000
0.999970 -0.007504 -0.001899 0.000000 0.007370 0.998010 -0.062628 8.558700 0.002365 0.062612 0.998035 0.000000 0.000000 0.000000 0.000000 1.000000
