<?xml version="1.0" encoding="utf-8"?>
<COLLADA xmlns="http://www.collada.org/2005/11/COLLADASchema" version="1.4.1">
  <asset>
    <contributor>
      <author>Mixamo</author>
      <authoring_tool>COLLADA Mixamo exporter</authoring_tool>
      <comments/>
    </contributor>
    <created>2023-02-01T20:31:32Z</created>
    <modified>2023-02-01T20:31:32Z</modified>
    <revision/>
    <title/>
    <unit meter="0.010000"/>
    <up_axis>Y_UP</up_axis>
  </asset>
  <library_animations>
    <animation id="mixamorig_Hips-anim" name="mixamorig_Hips">
      <source id="mixamorig_Hips-Matrix-animation-input">
        <float_array id="mixamorig_Hips-Matrix-animation-input-array" count="85">

0.000000 0.033333 0.066667 0.100000 0.133333 0.166667 0.200000 0.233333 0.266667 0.300000 0.333333 0.366667 0.400000 0.433333 0.466667 0.500000
0.533333 0.566667 0.600000 0.633333 0.666667 0.700000 0.733333 0.766667 0.800000 0.833333 0.866667 0.900000 0.933333 0.966667 1.000000 1.033333
1.066667 1.100000 1.133333 1.166667 1.200000 1.233333 1.266667 1.300000 1.333333 1.366667 1.400000 1.433333 1.466667 1.500000 1.533333 1.566667
1.600000 1.633333 1.666667 1.700000 1.733333 1.766667 1.800000 1.833333 1.866667 1.900000 1.933333 1.966667 2.000000 2.033333 2.066667 2.100000
2.133333 2.166667 2.200000 2.233333 2.266667 2.300000 2.333333 2.366667 2.400000 2.433333 2.466667 2.500000 2.533333 2.566667 2.600000 2.633333
2.666667 2.700000 2.733333 2.766667 2.800000</float_array>
        <technique_common>
          <accessor source="#mixamorig_Hips-Matrix-animation-input-array" count="85">
            <param name="TIME" type="float"/>
          </accessor>
        </technique_common>
      </source>
      <source id="mixamorig_Hips-Matrix-animation-output-transform">
        <float_array id="mixamorig_Hips-Matrix-animation-output-transform-array" count="1360">

0.945752 -0.005523 -0.324841 0.055123 -0.060331 0.979479 -0.192305 103.397812 0.319237 0.201471 0.926011 0.383254 0.000000 0.000000 0.000000 1.000000
0.946784 -0.005901 -0.321816 0.116441 -0.059005 0.979706 -0.191558 103.408394 0.316416 0.200353 0.927221 0.365575 0.000000 0.000000 0.000000 1.000000
0.947894 -0.007658 -0.318493 0.236718 -0.056180 0.980026 -0.190768 103.430191 0.313593 0.198721 0.928531 0.349521 0.000000 0.000000 0.000000 1.000000
0.948202 -0.011874 -0.317447 0.401825 -0.051885 0.980093 -0.191640 103.414757 0.313403 0.198185 0.928710 0.317578 0.000000 0.000000 0.000000 1.000000
0.947173 -0.016687 -0.320289 0.548297 -0.047864 0.980107 -0.192609 103.255722 0.317132 0.197765 0.927532 0.292966 0.000000 0.000000 0.000000 1.000000
0.945960 -0.018175 -0.323774 0.633284 -0.045741 0.980968 -0.188705 102.974464 0.321042 0.193317 0.927125 0.350100 0.000000 0.000000 0.000000 1.000000
0.947708 -0.010773 -0.318956 0.680325 -0.046841 0.983911 -0.172409 102.714149 0.315681 0.178334 0.931956 0.623629 0.000000 0.000000 0.000000 1.000000
0.955804 0.007923 -0.293899 0.805434 -0.051251 0.988822 -0.140018 102.671082 0.289504 0.148893 0.945525 1.212097 0.000000 0.000000 0.000000 1.000000
0.968482 0.029286 -0.247358 0.964721 -0.054607 0.993869 -0.096133 102.762161 0.243026 0.106611 0.964143 2.042342 0.000000 0.000000 0.000000 1.000000
0.981805 0.041655 -0.185267 1.047852 -0.051630 0.997446 -0.049348 102.922356 0.182738 0.058015 0.981448 3.036808 0.000000 0.000000 0.000000 1.000000
0.992596 0.041086 -0.114304 1.007967 -0.042319 0.999069 -0.008382 103.129745 0.113853 0.013157 0.993410 4.150295 0.000000 0.000000 0.000000 1.000000
0.998668 0.033835 -0.038942 0.879073 -0.033106 0.999267 0.019196 103.416954 0.039563 -0.017881 0.999057 5.340112 0.000000 0.000000 0.000000 1.000000
0.998960 0.028924 0.035253 0.672530 -0.030134 0.998957 0.034301 103.713669 -0.034224 -0.035328 0.998790 6.469762 0.000000 0.000000 0.000000 1.000000
0.995387 0.021610 0.093475 0.290827 -0.025766 0.998722 0.043485 103.986595 -0.092416 -0.045693 0.994672 7.394177 0.000000 0.000000 0.000000 1.000000
0.992509 0.005677 0.122043 -0.332643 -0.011467 0.998839 0.046792 104.124542 -0.121635 -0.047841 0.991421 8.003617 0.000000 0.000000 0.000000 1.000000
0.993056 -0.018646 0.116159 -1.203834 0.013938 0.999053 0.041208 103.945137 -0.116818 -0.039303 0.992375 8.223870 0.000000 0.000000 0.000000 1.000000
0.995691 -0.042285 0.082531 -2.251960 0.040400 0.998886 0.024374 103.220261 -0.083470 -0.020935 0.996290 8.012611 0.000000 0.000000 0.000000 1.000000
0.997955 -0.053696 0.034665 -3.308147 0.053626 0.998557 0.002954 101.899689 -0.034773 -0.001089 0.999395 7.396899 0.000000 0.000000 0.000000 1.000000
0.998378 -0.053327 -0.019916 -4.189064 0.052993 0.998451 -0.016965 100.124939 0.020790 0.015882 0.999658 6.432476 0.000000 0.000000 0.000000 1.000000
0.995824 -0.047408 -0.078017 -4.854941 0.044824 0.998397 -0.034546 98.170418 0.079530 0.030905 0.996353 5.187620 0.000000 0.000000 0.000000 1.000000
0.989706 -0.038631 -0.137803 -5.361271 0.031752 0.998154 -0.051775 96.330856 0.139549 0.046866 0.989106 3.762078 0.000000 0.000000 0.000000 1.000000
0.980542 -0.020017 -0.195286 -5.802267 0.006394 0.997516 -0.070145 94.863976 0.196205 0.067532 0.978235 2.326397 0.000000 0.000000 0.000000 1.000000
0.971549 0.023691 -0.235651 -6.106588 -0.045928 0.994943 -0.089329 93.779190 0.232343 0.097611 0.967724 1.137987 0.000000 0.000000 0.000000 1.000000
0.968624 0.088805 -0.232124 -6.111892 -0.117315 0.986756 -0.112029 92.688080 0.219101 0.135745 0.966213 0.308502 0.000000 0.000000 0.000000 1.000000
0.973282 0.145974 -0.177237 -5.825414 -0.171576 0.975329 -0.138904 91.101562 0.152588 0.165602 0.974317 -0.243476 0.000000 0.000000 0.000000 1.000000
0.983047 0.161127 -0.087502 -5.369228 -0.173538 0.971682 -0.160370 88.808922 0.059184 0.172836 0.983171 -0.638866 0.000000 0.000000 0.000000 1.000000
0.993308 0.115373 -0.005281 -4.942775 -0.114741 0.980593 -0.158972 86.004501 -0.013163 0.158514 0.987269 -0.935890 0.000000 0.000000 0.000000 1.000000
0.998744 0.032627 0.038028 -4.471496 -0.026391 0.987673 -0.154289 83.182762 -0.042593 0.153092 0.987294 -0.996295 0.000000 0.000000 0.000000 1.000000
0.997707 -0.053906 0.040917 -3.911291 0.060636 0.980540 -0.186720 80.802162 -0.030055 0.188773 0.981561 -0.622725 0.000000 0.000000 0.000000 1.000000
0.992871 -0.117202 0.021688 -3.303616 0.118790 0.958083 -0.260704 79.022255 0.009776 0.261422 0.965175 0.043611 0.000000 0.000000 0.000000 1.000000
0.989961 -0.141337 -0.000414 -2.727285 0.132576 0.929605 -0.343886 77.652084 0.048989 0.340379 0.939011 0.659201 0.000000 0.000000 0.000000 1.000000
0.992463 -0.122124 -0.010193 -2.189644 0.108382 0.913516 -0.392099 76.226471 0.057196 0.388039 0.919866 0.840169 0.000000 0.000000 0.000000 1.000000
0.996084 -0.088409 -0.000146 -1.879679 0.080753 0.910497 -0.405555 74.819359 0.035988 0.403955 0.914071 0.670115 0.000000 0.000000 0.000000 1.000000
0.997342 -0.068913 0.023661 -1.951480 0.072547 0.909044 -0.410337 73.660721 0.006769 0.410963 0.911627 0.380655 0.000000 0.000000 0.000000 1.000000
0.996564 -0.068328 0.046819 -2.292045 0.081704 0.903799 -0.420085 72.747704 -0.013612 0.422467 0.906276 0.119928 0.000000 0.000000 0.000000 1.000000
0.995530 -0.074372 0.058208 -2.641690 0.092275 0.897257 -0.431759 71.927147 -0.020117 0.435200 0.900109 -0.072755 0.000000 0.000000 0.000000 1.000000
0.995233 -0.077228 0.059556 -2.813761 0.095509 0.895316 -0.435072 71.211258 -0.019721 0.438686 0.898424 -0.197280 0.000000 0.000000 0.000000 1.000000
0.995524 -0.075008 0.057499 -2.921474 0.092606 0.895692 -0.434925 70.702950 -0.018879 0.438303 0.898629 -0.236056 0.000000 0.000000 0.000000 1.000000
0.996500 -0.062647 0.055342 -3.030122 0.080530 0.896989 -0.434656 70.413414 -0.022412 0.437592 0.898894 -0.217491 0.000000 0.000000 0.000000 1.000000
0.997459 -0.043803 0.056193 -3.124257 0.063906 0.898744 -0.433791 70.294899 -0.031502 0.436280 0.899260 -0.183253 0.000000 0.000000 0.000000 1.000000
0.997639 -0.031711 0.060910 -3.149385 0.054948 0.900627 -0.431105 70.274208 -0.041187 0.433434 0.900244 -0.175064 0.000000 0.000000 0.000000 1.000000
0.997212 -0.041135 0.062263 -3.098296 0.064013 0.900363 -0.430405 70.264893 -0.038354 0.433191 0.900486 -0.206152 0.000000 0.000000 0.000000 1.000000
0.996768 -0.062329 0.050677 -3.002682 0.078162 0.898106 -0.432777 70.266983 -0.018539 0.435339 0.900076 -0.287428 0.000000 0.000000 0.000000 1.000000
0.996798 -0.073787 0.030808 -2.873423 0.079821 0.895551 -0.437742 70.262276 0.004709 0.438799 0.898573 -0.397871 0.000000 0.000000 0.000000 1.000000
0.998037 -0.060983 0.014228 -2.741493 0.060974 0.894603 -0.442682 70.176025 0.014267 0.442681 0.896566 -0.503779 0.000000 0.000000 0.000000 1.000000
0.999619 -0.025717 0.010074 -2.638874 0.027515 0.895600 -0.444009 69.937531 0.002396 0.444116 0.895966 -0.591662 0.000000 0.000000 0.000000 1.000000
0.999793 0.013735 0.015007 -2.582382 -0.005777 0.898992 -0.437926 69.604828 -0.019507 0.437749 0.898886 -0.703274 0.000000 0.000000 0.000000 1.000000
0.999095 0.037672 0.019759 -2.531468 -0.025535 0.902593 -0.429736 69.276016 -0.034023 0.428843 0.902738 -0.858853 0.000000 0.000000 0.000000 1.000000
0.999048 0.039596 0.018300 -2.439695 -0.028019 0.904054 -0.426499 68.948730 -0.033432 0.425580 0.904303 -1.052488 0.000000 0.000000 0.000000 1.000000
0.999584 0.027072 0.009977 -2.294751 -0.020133 0.902169 -0.430914 68.603897 -0.020667 0.430533 0.902338 -1.291431 0.000000 0.000000 0.000000 1.000000
0.999861 0.016637 -0.000806 -2.136683 -0.015304 0.898505 -0.438696 68.284859 -0.006575 0.438647 0.898635 -1.595891 0.000000 0.000000 0.000000 1.000000
0.999770 0.019746 -0.008402 -2.055509 -0.021425 0.896313 -0.442904 68.147491 -0.001215 0.442982 0.896530 -1.951235 0.000000 0.000000 0.000000 1.000000
0.999333 0.034082 -0.013121 -2.080199 -0.036370 0.896187 -0.442184 68.207169 -0.003312 0.442367 0.896828 -2.299244 0.000000 0.000000 0.000000 1.000000
0.998493 0.052114 -0.017221 -2.139841 -0.054375 0.896572 -0.439547 68.398766 -0.007467 0.439821 0.898054 -2.611836 0.000000 0.000000 0.000000 1.000000
0.997669 0.064843 -0.021278 -2.143181 -0.067630 0.897621 -0.435549 68.718681 -0.009143 0.435973 0.899913 -2.882735 0.000000 0.000000 0.000000 1.000000
0.997588 0.065657 -0.022510 -2.016991 -0.068993 0.902623 -0.424866 69.316467 -0.007577 0.425395 0.904976 -3.114884 0.000000 0.000000 0.000000 1.000000
0.998419 0.053139 -0.018297 -1.694292 -0.056011 0.914127 -0.401541 70.321899 -0.004612 0.401932 0.915658 -3.281060 0.000000 0.000000 0.000000 1.000000
0.999442 0.031586 -0.010900 -1.023887 -0.033389 0.931483 -0.362250 71.741371 -0.001289 0.362412 0.932017 -3.370780 0.000000 0.000000 0.000000 1.000000
0.999900 0.006553 -0.012548 -0.074557 -0.010113 0.950914 -0.309290 73.641525 0.009905 0.309386 0.950885 -3.410716 0.000000 0.000000 0.000000 1.000000
0.999182 -0.015413 -0.037381 0.877312 0.005448 0.967386 -0.253250 76.081261 0.040066 0.252839 0.966678 -3.452183 0.000000 0.000000 0.000000 1.000000
0.995700 -0.029040 -0.087968 1.426307 0.009952 0.977632 -0.210088 79.004265 0.092102 0.208310 0.973717 -3.547220 0.000000 0.000000 0.000000 1.000000
0.990375 -0.031737 -0.134725 1.578559 0.006463 0.982899 -0.184030 82.259689 0.138262 0.181388 0.973644 -3.703897 0.000000 0.000000 0.000000 1.000000
0.987673 -0.026809 -0.154219 1.577656 -0.000052 0.985167 -0.171596 85.708244 0.156532 0.169489 0.973022 -3.934159 0.000000 0.000000 0.000000 1.000000
0.988104 -0.019950 -0.152490 1.530392 -0.005964 0.985834 -0.167619 89.188583 0.153674 0.166535 0.973987 -4.244978 0.000000 0.000000 0.000000 1.000000
0.988226 -0.016054 -0.152157 1.453711 -0.009520 0.986101 -0.165873 92.521797 0.152705 0.165369 0.974338 -4.599375 0.000000 0.000000 0.000000 1.000000
0.985134 -0.016746 -0.170970 1.302082 -0.011181 0.986877 -0.161087 95.556335 0.171423 0.160604 0.972019 -4.889462 0.000000 0.000000 0.000000 1.000000
0.978943 -0.019665 -0.203185 1.116479 -0.012379 0.987798 -0.155247 98.227150 0.203759 0.154493 0.966754 -5.031267 0.000000 0.000000 0.000000 1.000000
0.971876 -0.021416 -0.234517 0.944450 -0.015268 0.988031 -0.153500 100.465973 0.234997 0.152764 0.959917 -5.020339 0.000000 0.000000 0.000000 1.000000
0.967241 -0.020002 -0.253072 0.820217 -0.020646 0.987391 -0.156949 102.266418 0.253021 0.157032 0.954632 -4.864872 0.000000 0.000000 0.000000 1.000000
0.967333 -0.014993 -0.253064 0.757037 -0.027261 0.986309 -0.162641 103.714523 0.252038 0.164227 0.953680 -4.597279 0.000000 0.000000 0.000000 1.000000
0.970993 -0.007889 -0.238979 0.735766 -0.032723 0.985668 -0.165493 104.948868 0.236860 0.168512 0.956818 -4.275635 0.000000 0.000000 0.000000 1.000000
0.975002 -0.000100 -0.222195 0.728393 -0.037684 0.985438 -0.165805 105.995331 0.218976 0.170034 0.960801 -3.954425 0.000000 0.000000 0.000000 1.000000
0.977587 0.007607 -0.210392 0.717387 -0.043475 0.985101 -0.166390 106.826561 0.205992 0.171808 0.963353 -3.623135 0.000000 0.000000 0.000000 1.000000
0.978243 0.014411 -0.206963 0.692810 -0.050010 0.984547 -0.167825 107.392944 0.201347 0.174524 0.963847 -3.252044 0.000000 0.000000 0.000000 1.000000
0.977089 0.019024 -0.211979 0.647169 -0.055712 0.984130 -0.168477 107.647133 0.205409 0.176427 0.962642 -2.819552 0.000000 0.000000 0.000000 1.000000
0.974491 0.019744 -0.223557 0.570899 -0.058099 0.984359 -0.166319 107.593498 0.216777 0.175065 0.960396 -2.357275 0.000000 0.000000 0.000000 1.000000
0.970844 0.016560 -0.239140 0.460489 -0.056643 0.985208 -0.161729 107.294907 0.232925 0.170559 0.957421 -1.909428 0.000000 0.000000 0.000000 1.000000
0.966371 0.011927 -0.256875 0.338503 -0.053842 0.986166 -0.156770 106.614082 0.251452 0.165328 0.953645 -1.467158 0.000000 0.000000 0.000000 1.000000
0.961451 0.007623 -0.274870 0.224192 -0.051985 0.986628 -0.154473 105.606461 0.270017 0.162808 0.948991 -1.033292 0.000000 0.000000 0.000000 1.000000
0.956704 0.004542 -0.291028 0.140748 -0.052619 0.986103 -0.157584 104.536316 0.286268 0.166075 0.943647 -0.620447 0.000000 0.000000 0.000000 1.000000
0.952925 0.002276 -0.303197 0.108661 -0.054944 0.984713 -0.165294 103.809608 0.298186 0.174172 0.938483 -0.261143 0.000000 0.000000 0.000000 1.000000
0.950076 -0.000235 -0.312018 0.099361 -0.057049 0.983012 -0.174452 103.492630 0.306758 0.183544 0.933923 0.028605 0.000000 0.000000 0.000000 1.000000
0.947504 -0.003151 -0.319729 0.075204 -0.058992 0.981063 -0.184488 103.405693 0.314256 0.193665 0.929375 0.250124 0.000000 0.000000 0.000000 1.000000
0.945445 -0.005600 -0.325735 0.055991 -0.060574 0.979395 -0.192656 103.394630 0.320102 0.201877 0.925624 0.382332 0.000000 0.000000 0.000000 1.000000
0.945756 -0.005533 -0.324832 0.060168 -0.060319 0.979480 -0.192306 103.397385 0.319230 0.201468 0.926015 0.385870 0.000000 0.000000 0.000000 1.000000</float_array>
        <technique_common>
          <accessor source="#mixamorig_Hips-Matrix-animation-output-transform-array" count="85" stride="16">
            <param type="float4x4"/>
          </accessor>
        </technique_common>
      </source>
      <source id="mixamorig_Hips-Interpolations">
        <Name_array id="mixamorig_Hips-Interpolations-array" count="85">
 LINEAR LINEAR LINEAR LINEAR LINEAR LINEAR LINEAR LINEAR LINEAR LINEAR LINEAR
LINEAR LINEAR LINEAR LINEAR LINEAR LINEAR LINEAR LINEAR LINEAR LINEAR LINEAR LINEAR
LINEAR LINEAR LINEAR LINEAR LINEAR LINEAR LINEAR LINEAR LINEAR LINEAR LINEAR LINEAR
LINEAR LINEAR LINEAR LINEAR LINEAR LINEAR LINEAR LINEAR LINEAR LINEAR LINEAR LINEAR
LINEAR LINEAR LINEAR LINEAR LINEAR LINEAR LINEAR LINEAR LINEAR LINEAR LINEAR LINEAR
LINEAR LINEAR LINEAR LINEAR LINEAR LINEAR LINEAR LINEAR LINEAR LINEAR LINEAR LINEAR
LINEAR LINEAR LINEAR LINEAR LINEAR LINEAR LINEAR LINEAR LINEAR LINEAR LINEAR LINEAR
LINEAR LINEAR</Name_array>
        <technique_common>
          <accessor source="#mixamorig_Hips-Interpolations-array" count="85">
            <param type="name"/>
          </accessor>
        </technique_common>
      </source>
      <sampler id="mixamorig_Hips-Matrix-animation-transform">
        <input semantic="INPUT" source="#mixamorig_Hips-Matrix-animation-input"/>
        <input semantic="OUTPUT" source="#mixamorig_Hips-Matrix-animation-output-transform"/>
        <input semantic="INTERPOLATION" source="#mixamorig_Hips-Interpolations"/>
      </sampler>
      <channel source="#mixamorig_Hips-Matrix-animation-transform" target="mixamorig_Hips/matrix"/>
    </animation>
    <animation id="mixamorig_Spine-anim" name="mixamorig_Spine">
      <source id="mixamorig_Spine-Matrix-animation-input">
        <float_array id="mixamorig_Spine-Matrix-animation-input-array" count="85">

0.000000 0.033333 0.066667 0.100000 0.133333 0.166667 0.200000 0.233333 0.266667 0.300000 0.333333 0.366667 0.400000 0.433333 0.466667 0.500000
0.533333 0.566667 0.600000 0.633333 0.666667 0.700000 0.733333 0.766667 0.800000 0.833333 0.866667 0.900000 0.933333 0.966667 1.000000 1.033333
1.066667 1.100000 1.133333 1.166667 1.200000 1.233333 1.266667 1.300000 1.333333 1.366667 1.400000 1.433333 1.466667 1.500000 1.533333 1.566667
1.600000 1.633333 1.666667 1.700000 1.733333 1.766667 1.800000 1.833333 1.866667 1.900000 1.933333 1.966667 2.000000 2.033333 2.066667 2.100000
2.133333 2.166667 2.200000 2.233333 2.266667 2.300000 2.333333 2.366667 2.400000 2.433333 2.466667 2.500000 2.533333 2.566667 2.600000 2.633333
2.666667 2.700000 2.733333 2.766667 2.800000</float_array>
        <technique_common>
          <accessor source="#mixamorig_Spine-Matrix-animation-input-array" count="85">
            <param name="TIME" type="float"/>
          </accessor>
        </technique_common>
      </source>
      <source id="mixamorig_Spine-Matrix-animation-output-transform">
        <float_array id="mixamorig_Spine-Matrix-animation-output-transform-array" count="1360">

0.999434 -0.031562 -0.011658 0.072000 0.032131 0.998112 0.052345 7.257300 0.009984 -0.052690 0.998561 -0.789700 0.000000 0.000000 0.000000 1.000000
0.999376 -0.033669 -0.010682 0.072000 0.034124 0.998370 0.045745 7.257300 0.009124 -0.046081 0.998896 -0.789700 0.000000 0.000000 0.000000 1.000000
0.999231 -0.037556 -0.011266 0.072000 0.037953 0.998578 0.037434 7.257300 0.009844 -0.037833 0.999236 -0.789700 0.000000 0.000000 0.000000 1.000000
0.998982 -0.042479 -0.015189 0.072000 0.042904 0.998662 0.028882 7.257300 0.013942 -0.029505 0.999467 -0.789700 0.000000 0.000000 0.000000 1.000000
0.998724 -0.045362 -0.022182 0.072000 0.045885 0.998666 0.023666 7.257300 0.021079 -0.024654 0.999474 -0.789700 0.000000 0.000000 0.000000 1.000000
0.998636 -0.042210 -0.030735 0.072000 0.042948 0.998795 0.023766 7.257300 0.029695 -0.025054 0.999245 -0.789700 0.000000 0.000000 0.000000 1.000000
0.998521 -0.036862 -0.039971 0.072000 0.038087 0.998814 0.030338 7.257300 0.038806 -0.031815 0.998740 -0.789700 0.000000 0.000000 0.000000 1.000000
0.998170 -0.038476 -0.046658 0.072000 0.040589 0.998152 0.045214 7.257300 0.044833 -0.047025 0.997887 -0.789700 0.000000 0.000000 0.000000 1.000000
0.998029 -0.046114 -0.042565 0.072000 0.049007 0.996368 0.069642 7.257300 0.039199 -0.071591 0.996664 -0.789700 0.000000 0.000000 0.000000 1.000000
0.998887 -0.043578 -0.018066 0.072000 0.045197 0.993770 0.101870 7.257300 0.013514 -0.102574 0.994634 -0.789700 0.000000 0.000000 0.000000 1.000000
0.999328 -0.025215 0.026600 0.072000 0.021273 0.990026 0.139271 7.257300 -0.029847 -0.138611 0.989897 -0.789700 0.000000 0.000000 0.000000 1.000000
0.997198 -0.008199 0.074354 0.072000 -0.005396 0.983500 0.180826 7.257300 -0.074610 -0.180720 0.980701 -0.789700 0.000000 0.000000 0.000000 1.000000
0.994316 -0.005184 0.106341 0.072000 -0.018354 0.975514 0.219172 7.257300 -0.104873 -0.219878 0.969874 -0.789700 0.000000 0.000000 0.000000 1.000000
0.992374 -0.011385 0.122739 0.072000 -0.018965 0.969768 0.243290 7.257300 -0.121798 -0.243762 0.962157 -0.789700 0.000000 0.000000 0.000000 1.000000
0.990190 -0.019469 0.138364 0.072000 -0.016020 0.967896 0.250841 7.257300 -0.138805 -0.250597 0.958089 -0.789700 0.000000 0.000000 0.000000 1.000000
0.987484 -0.027998 0.155212 0.072000 -0.011118 0.969311 0.245586 7.257300 -0.157324 -0.244238 0.956868 -0.789700 0.000000 0.000000 0.000000 1.000000
0.986593 -0.039854 0.158260 0.072000 0.002910 0.973866 0.227104 7.257300 -0.163175 -0.223598 0.960925 -0.789700 0.000000 0.000000 0.000000 1.000000
0.988153 -0.057592 0.142254 0.072000 0.029780 0.981254 0.190404 7.257300 -0.150553 -0.183912 0.971345 -0.789700 0.000000 0.000000 0.000000 1.000000
0.989819 -0.074622 0.121199 0.072000 0.058033 0.989137 0.135059 7.257300 -0.129960 -0.126651 0.983397 -0.789700 0.000000 0.000000 0.000000 1.000000
0.991644 -0.076221 0.104084 0.072000 0.069183 0.995170 0.069638 7.257300 -0.108889 -0.061855 0.992128 -0.789700 0.000000 0.000000 0.000000 1.000000
0.995144 -0.053700 0.082491 0.072000 0.053817 0.998550 0.000797 7.257300 -0.082415 0.003646 0.996591 -0.789700 0.000000 0.000000 0.000000 1.000000
0.998737 -0.013711 0.048342 0.072000 0.016917 0.997639 -0.066561 7.257300 -0.047315 0.067295 0.996611 -0.789700 0.000000 0.000000 0.000000 1.000000
0.999761 0.020434 0.007748 0.072000 -0.019371 0.992751 -0.118620 7.257300 -0.010116 0.118442 0.992909 -0.789700 0.000000 0.000000 0.000000 1.000000
0.999428 0.025842 -0.021809 0.072000 -0.028770 0.988740 -0.146855 7.257300 0.017768 0.147399 0.988918 -0.789700 0.000000 0.000000 0.000000 1.000000
0.999610 0.014071 -0.024137 0.072000 -0.017899 0.985873 -0.166535 7.257300 0.021453 0.166902 0.985740 -0.789700 0.000000 0.000000 0.000000 1.000000
0.999682 0.025193 -0.001305 0.072000 -0.024936 0.978998 -0.202337 7.257300 -0.003820 0.202305 0.979315 -0.789700 0.000000 0.000000 0.000000 1.000000
0.997434 0.069633 0.016609 0.072000 -0.062519 0.960342 -0.271727 7.257300 -0.034872 0.269991 0.962231 -0.789700 0.000000 0.000000 0.000000 1.000000
0.994163 0.107878 0.001204 0.072000 -0.100329 0.928587 -0.357295 7.257300 -0.039662 0.355089 0.933991 -0.789700 0.000000 0.000000 0.000000 1.000000
0.992222 0.120782 -0.030136 0.072000 -0.122583 0.905843 -0.405490 7.257300 -0.021678 0.406030 0.913603 -0.789700 0.000000 0.000000 0.000000 1.000000
0.989086 0.139699 -0.046837 0.072000 -0.146621 0.901814 -0.406489 7.257300 -0.014547 0.408920 0.912454 -0.789700 0.000000 0.000000 0.000000 1.000000
0.985524 0.161560 -0.051382 0.072000 -0.168515 0.900359 -0.401194 7.257300 -0.018555 0.404045 0.914551 -0.789700 0.000000 0.000000 0.000000 1.000000
0.987355 0.151746 -0.045854 0.072000 -0.156931 0.894771 -0.418040 7.257300 -0.022407 0.419950 0.907271 -0.789700 0.000000 0.000000 0.000000 1.000000
0.993258 0.111146 -0.032938 0.072000 -0.113807 0.880887 -0.459441 7.257300 -0.022050 0.460092 0.887597 -0.789700 0.000000 0.000000 0.000000 1.000000
0.996108 0.081745 -0.032979 0.072000 -0.087206 0.859379 -0.503849 7.257300 -0.012845 0.504763 0.863162 -0.789700 0.000000 0.000000 0.000000 1.000000
0.995592 0.077948 -0.052169 0.072000 -0.093761 0.841960 -0.531330 7.257300 0.002508 0.533879 0.845557 -0.789700 0.000000 0.000000 0.000000 1.000000
0.994836 0.071396 -0.072132 0.072000 -0.099327 0.830909 -0.547471 7.257300 0.020847 0.551809 0.833710 -0.789700 0.000000 0.000000 0.000000 1.000000
0.995270 0.052860 -0.081508 0.072000 -0.089865 0.819664 -0.565752 7.257300 0.036904 0.570401 0.820537 -0.789700 0.000000 0.000000 0.000000 1.000000
0.995482 0.040715 -0.085776 0.072000 -0.083236 0.808872 -0.582064 7.257300 0.045683 0.586574 0.808607 -0.789700 0.000000 0.000000 0.000000 1.000000
0.995196 0.040562 -0.089104 0.072000 -0.085618 0.801985 -0.591176 7.257300 0.047480 0.595965 0.801606 -0.789700 0.000000 0.000000 0.000000 1.000000
0.994956 0.037360 -0.093091 0.072000 -0.085923 0.796303 -0.598765 7.257300 0.051759 0.603744 0.795496 -0.789700 0.000000 0.000000 0.000000 1.000000
0.994232 0.026077 -0.104032 0.072000 -0.084142 0.791121 -0.605844 7.257300 0.066503 0.611103 0.788753 -0.789700 0.000000 0.000000 0.000000 1.000000
0.992241 0.019977 -0.122710 0.072000 -0.090870 0.790148 -0.606142 7.257300 0.084850 0.612590 0.785833 -0.789700 0.000000 0.000000 0.000000 1.000000
0.989668 0.027665 -0.140683 0.072000 -0.107764 0.790742 -0.602590 7.257300 0.094573 0.611524 0.785553 -0.789700 0.000000 0.000000 0.000000 1.000000
0.987786 0.039923 -0.150617 0.072000 -0.123635 0.789123 -0.601664 7.257300 0.094835 0.612937 0.784420 -0.789700 0.000000 0.000000 0.000000 1.000000
0.987724 0.040054 -0.150986 0.072000 -0.124110 0.788168 -0.602817 7.257300 0.094857 0.614156 0.783463 -0.789700 0.000000 0.000000 0.000000 1.000000
0.989180 0.023184 -0.144863 0.072000 -0.107315 0.787621 -0.606743 7.257300 0.100030 0.615724 0.781587 -0.789700 0.000000 0.000000 0.000000 1.000000
0.990424 0.001073 -0.138057 0.072000 -0.087024 0.781158 -0.618239 7.257300 0.107181 0.624332 0.773771 -0.789700 0.000000 0.000000 0.000000 1.000000
0.990712 -0.012794 -0.135374 0.072000 -0.076372 0.771343 -0.631821 7.257300 0.112503 0.636291 0.763202 -0.789700 0.000000 0.000000 0.000000 1.000000
0.990177 -0.015862 -0.138920 0.072000 -0.077051 0.767175 -0.636793 7.257300 0.116677 0.641242 0.758417 -0.789700 0.000000 0.000000 0.000000 1.000000
0.989203 -0.011781 -0.146074 0.072000 -0.084407 0.769025 -0.633621 7.257300 0.119800 0.639110 0.759728 -0.789700 0.000000 0.000000 0.000000 1.000000
0.988479 -0.004803 -0.151282 0.072000 -0.092753 0.770613 -0.630517 7.257300 0.119609 0.637285 0.761289 -0.789700 0.000000 0.000000 0.000000 1.000000
0.988597 0.000675 -0.150582 0.072000 -0.097265 0.766256 -0.635131 7.257300 0.114956 0.642535 0.757584 -0.789700 0.000000 0.000000 0.000000 1.000000
0.989528 0.004479 -0.144271 0.072000 -0.098071 0.754243 -0.649230 7.257300 0.105908 0.656580 0.746784 -0.789700 0.000000 0.000000 0.000000 1.000000
0.990614 0.008190 -0.136442 0.072000 -0.097029 0.745210 -0.659733 7.257300 0.096275 0.666779 0.739010 -0.789700 0.000000 0.000000 0.000000 1.000000
0.991349 0.007650 -0.131027 0.072000 -0.092780 0.746960 -0.658364 7.257300 0.092835 0.664825 0.741208 -0.789700 0.000000 0.000000 0.000000 1.000000
0.991789 0.005021 -0.127785 0.072000 -0.088401 0.748964 -0.656688 7.257300 0.092409 0.662592 0.743258 -0.789700 0.000000 0.000000 0.000000 1.000000
0.993410 0.001664 -0.114605 0.072000 -0.076720 0.752514 -0.654092 7.257300 0.085153 0.658574 0.747683 -0.789700 0.000000 0.000000 0.000000 1.000000
0.996602 -0.005925 -0.082160 0.072000 -0.048239 0.766510 -0.640418 7.257300 0.066771 0.642205 0.763620 -0.789700 0.000000 0.000000 0.000000 1.000000
0.999350 -0.017684 -0.031416 0.072000 -0.005613 0.784478 -0.620131 7.257300 0.035612 0.619904 0.783869 -0.789700 0.000000 0.000000 0.000000 1.000000
0.999822 -0.013358 0.013339 0.072000 0.018650 0.808456 -0.588261 7.257300 -0.002926 0.588405 0.808561 -0.789700 0.000000 0.000000 0.000000 1.000000
0.999558 0.008375 0.028541 0.072000 0.008635 0.836520 -0.547869 7.257300 -0.028464 0.547873 0.836077 -0.789700 0.000000 0.000000 0.000000 1.000000
0.999627 0.025120 0.010697 0.072000 -0.016215 0.861421 -0.507632 7.257300 -0.021967 0.507269 0.861507 -0.789700 0.000000 0.000000 0.000000 1.000000
0.999682 0.018286 -0.017338 0.072000 -0.024224 0.886899 -0.461329 7.257300 0.006941 0.461602 0.887060 -0.789700 0.000000 0.000000 0.000000 1.000000
0.999422 0.003578 -0.033812 0.072000 -0.017036 0.913308 -0.406913 7.257300 0.029425 0.407254 0.912841 -0.789700 0.000000 0.000000 0.000000 1.000000
0.999399 -0.002330 -0.034598 0.072000 -0.009985 0.936141 -0.351484 7.257300 0.033208 0.351618 0.935554 -0.789700 0.000000 0.000000 0.000000 1.000000
0.999575 0.004027 -0.028869 0.072000 -0.012536 0.953529 -0.301041 7.257300 0.026315 0.301275 0.953174 -0.789700 0.000000 0.000000 0.000000 1.000000
0.999563 0.016187 -0.024742 0.072000 -0.021948 0.966923 -0.254121 7.257300 0.019810 0.254553 0.966856 -0.789700 0.000000 0.000000 0.000000 1.000000
0.999418 0.023825 -0.024396 0.072000 -0.028371 0.977873 -0.207265 7.257300 0.018918 0.207837 0.977981 -0.789700 0.000000 0.000000 0.000000 1.000000
0.999324 0.021027 -0.030164 0.072000 -0.025565 0.986954 -0.158959 7.257300 0.026428 0.159623 0.986824 -0.789700 0.000000 0.000000 0.000000 1.000000
0.999022 0.009652 -0.043143 0.072000 -0.014511 0.993402 -0.113766 7.257300 0.041761 0.114280 0.992570 -0.789700 0.000000 0.000000 0.000000 1.000000
0.998259 -0.003422 -0.058875 0.072000 -0.001270 0.996837 -0.079466 7.257300 0.058961 0.079403 0.995097 -0.789700 0.000000 0.000000 0.000000 1.000000
0.997411 -0.014319 -0.070472 0.072000 0.010282 0.998303 -0.057321 7.257300 0.071173 0.056448 0.995865 -0.789700 0.000000 0.000000 0.000000 1.000000
0.996847 -0.023545 -0.075774 0.072000 0.020430 0.998924 -0.041632 7.257300 0.076673 0.039953 0.996255 -0.789700 0.000000 0.000000 0.000000 1.000000
0.996567 -0.031646 -0.076499 0.072000 0.029564 0.999165 -0.028198 7.257300 0.077328 0.025839 0.996671 -0.789700 0.000000 0.000000 0.000000 1.000000
0.996570 -0.036816 -0.074110 0.072000 0.035609 0.999212 -0.017548 7.257300 0.074698 0.014849 0.997096 -0.789700 0.000000 0.000000 0.000000 1.000000
0.996915 -0.036961 -0.069242 0.072000 0.036303 0.999283 -0.010743 7.257300 0.069589 0.008196 0.997542 -0.789700 0.000000 0.000000 0.000000 1.000000
0.997546 -0.032285 -0.062131 0.072000 0.031902 0.999465 -0.007144 7.257300 0.062328 0.005144 0.998042 -0.789700 0.000000 0.000000 0.000000 1.000000
0.998216 -0.025989 -0.053754 0.072000 0.025713 0.999652 -0.005813 7.257300 0.053887 0.004420 0.998537 -0.789700 0.000000 0.000000 0.000000 1.000000
0.998680 -0.022994 -0.045934 0.072000 0.022838 0.999731 -0.003936 7.257300 0.046012 0.002882 0.998937 -0.789700 0.000000 0.000000 0.000000 1.000000
0.998938 -0.024453 -0.039057 0.072000 0.024578 0.999694 0.002710 7.257300 0.038979 -0.003667 0.999233 -0.789700 0.000000 0.000000 0.000000 1.000000
0.999028 -0.029259 -0.032966 0.072000 0.029693 0.999478 0.012765 7.257300 0.032575 -0.013732 0.999375 -0.789700 0.000000 0.000000 0.000000 1.000000
0.999078 -0.033344 -0.027044 0.072000 0.033970 0.999158 0.023012 7.257300 0.026254 -0.023909 0.999369 -0.789700 0.000000 0.000000 0.000000 1.000000
0.999223 -0.033804 -0.020281 0.072000 0.034477 0.998835 0.033773 7.257300 0.019116 -0.034446 0.999224 -0.789700 0.000000 0.000000 0.000000 1.000000
0.999374 -0.032387 -0.014266 0.072000 0.033001 0.998436 0.045125 7.257300 0.012782 -0.045567 0.998879 -0.789700 0.000000 0.000000 0.000000 1.000000
0.999434 -0.031551 -0.011667 0.072000 0.032121 0.998112 0.052345 7.257300 0.009994 -0.052691 0.998561 -0.789700 0.000000 0.000000 0.000000 1.000000</float_array>
        <technique_common>
          <accessor source="#mixamorig_Spine-Matrix-animation-output-transform-array" count="85" stride="16">
            <param type="float4x4"/>
          </accessor>
        </technique_common>
      </source>
      <source id="mixamorig_Spine-Interpolations">
        <Name_array id="mixamorig_Spine-Interpolations-array" count="85">
 LINEAR LINEAR LINEAR LINEAR LINEAR LINEAR LINEAR LINEAR LINEAR LINEAR LINEAR
LINEAR LINEAR LINEAR LINEAR LINEAR LINEAR LINEAR LINEAR LINEAR LINEAR LINEAR LINEAR
LINEAR LINEAR LINEAR LINEAR LINEAR LINEAR LINEAR LINEAR LINEAR LINEAR LINEAR LINEAR
LINEAR LINEAR LINEAR LINEAR LINEAR LINEAR LINEAR LINEAR LINEAR LINEAR LINEAR LINEAR
LINEAR LINEAR LINEAR LINEAR LINEAR LINEAR LINEAR LINEAR LINEAR LINEAR LINEAR LINEAR
LINEAR LINEAR LINEAR LINEAR LINEAR LINEAR LINEAR LINEAR LINEAR LINEAR LINEAR LINEAR
LINEAR LINEAR LINEAR LINEAR LINEAR LINEAR LINEAR LINEAR LINEAR LINEAR LINEAR LINEAR
LINEAR LINEAR</Name_array>
        <technique_common>
          <accessor source="#mixamorig_Spine-Interpolations-array" count="85">
            <param type="name"/>
          </accessor>
        </technique_common>
      </source>
      <sampler id="mixamorig_Spine-Matrix-animation-transform">
        <input semantic="INPUT" source="#mixamorig_Spine-Matrix-animation-input"/>
        <input semantic="OUTPUT" source="#mixamorig_Spine-Matrix-animation-output-transform"/>
        <input semantic="INTERPOLATION" source="#mixamorig_Spine-Interpolations"/>
      </sampler>
      <channel source="#mixamorig_Spine-Matrix-animation-transform" target="mixamorig_Spine/matrix"/>
    </animation>
    <animation id="mixamorig_Spine1-anim" name="mixamorig_Spine1">
      <source id="mixamorig_Spine1-Matrix-animation-input">
        <float_array id="mixamorig_Spine1-Matrix-animation-input-array" count="85">

0.000000 0.033333 0.066667 0.100000 0.133333 0.166667 0.200000 0.233333 0.266667 0.300000 0.333333 0.366667 0.400000 0.433333 0.466667 0.500000
0.533333 0.566667 0.600000 0.633333 0.666667 0.700000 0.733333 0.766667 0.800000 0.833333 0.866667 0.900000 0.933333 0.966667 1.000000 1.033333
1.066667 1.100000 1.133333 1.166667 1.200000 1.233333 1.266667 1.300000 1.333333 1.366667 1.400000 1.433333 1.466667 1.500000 1.533333 1.566667
1.600000 1.633333 1.666667 1.700000 1.733333 1.766667 1.800000 1.833333 1.866667 1.900000 1.933333 1.966667 2.000000 2.033333 2.066667 2.100000
2.133333 2.166667 2.200000 2.233333 2.266667 2.300000 2.333333 2.366667 2.400000 2.433333 2.466667 2.500000 2.533333 2.566667 2.600000 2.633333
2.666667 2.700000 2.733333 2.766667 2.800000</float_array>
        <technique_common>
          <accessor source="#mixamorig_Spine1-Matrix-animation-input-array" count="85">
            <param name="TIME" type="float"/>
          </accessor>
        </technique_common>
      </source>
      <source id="mixamorig_Spine1-Matrix-animation-output-transform">
        <float_array id="mixamorig_Spine1-Matrix-animation-output-transform-array" count="1360">

0.999463 -0.023596 -0.022735 -0.000000 0.020453 0.991335 -0.129755 8.558700 0.025600 0.129220 0.991285 -0.000000 0.000000 0.000000 0.000000 1.000000
0.999497 -0.022382 -0.022453 0.000000 0.019333 0.991604 -0.127859 8.558700 0.025126 0.127361 0.991538 0.000000 0.000000 0.000000 0.000000 1.000000
0.999539 -0.020284 -0.022583 -0.000000 0.017289 0.991918 -0.125699 8.558700 0.024950 0.125251 0.991811 0.000000 0.000000 0.000000 0.000000 1.000000
0.999574 -0.017153 -0.023599 -0.000000 0.014110 0.992237 -0.123560 8.558700 0.025535 0.123174 0.992057 0.000000 0.000000 0.000000 0.000000 1.000000
0.999576 -0.014038 -0.025528 0.000000 0.010835 0.992525 -0.121557 8.558700 0.027044 0.121229 0.992256 0.000000 0.000000 0.000000 0.000000 1.000000
0.999523 -0.012730 -0.028123 0.000000 0.009263 0.992715 -0.120133 8.558700 0.029447 0.119815 0.992359 -0.000000 0.000000 0.000000 0.000000 1.000000
0.999423 -0.013447 -0.031183 -0.000000 0.009612 0.992725 -0.120023 8.558700 0.032570 0.119654 0.992281 0.000000 0.000000 0.000000 0.000000 1.000000
0.999320 -0.015207 -0.033597 0.000000 0.011050 0.992636 -0.120632 8.558700 0.035184 0.120178 0.992129 0.000000 0.000000 0.000000 0.000000 1.000000
0.999307 -0.017811 -0.032700 -0.000000 0.013807 0.992821 -0.118809 8.558700 0.034581 0.118276 0.992378 0.000000 0.000000 0.000000 0.000000 1.000000
0.999422 -0.022251 -0.025687 -0.000000 0.019218 0.993430 -0.112815 8.558700 0.028028 0.112256 0.993284 0.000000 0.000000 0.000000 0.000000 1.000000
0.999525 -0.028086 -0.012656 0.000000 0.026585 0.993980 -0.106288 8.558700 0.015565 0.105901 0.994255 -0.000000 0.000000 0.000000 0.000000 1.000000
0.999489 -0.031936 0.001595 0.000000 0.031930 0.994158 -0.103101 8.558700 0.001707 0.103099 0.994670 0.000000 0.000000 0.000000 0.000000 1.000000
0.999435 -0.031576 0.011501 0.000000 0.032587 0.994240 -0.102105 8.558700 -0.008211 0.102422 0.994707 0.000000 0.000000 0.000000 0.000000 1.000000
0.999465 -0.028027 0.016842 0.000000 0.029573 0.994560 -0.099884 8.558700 -0.013951 0.100328 0.994857 0.000000 0.000000 0.000000 0.000000 1.000000
0.999495 -0.023046 0.021862 0.000000 0.025008 0.995238 -0.094211 8.558700 -0.019586 0.094710 0.995312 0.000000 0.000000 0.000000 0.000000 1.000000
0.999487 -0.016994 0.027140 0.000000 0.019257 0.996158 -0.085431 8.558700 -0.025584 0.085910 0.995974 0.000000 0.000000 0.000000 0.000000 1.000000
0.999558 -0.009598 0.028135 0.000000 0.011690 0.997104 -0.075151 8.558700 -0.027333 0.075447 0.996775 -0.000000 0.000000 0.000000 0.000000 1.000000
0.999728 -0.001874 0.023230 0.000000 0.003369 0.997914 -0.064472 8.558700 -0.023060 0.064533 0.997649 0.000000 0.000000 0.000000 0.000000 1.000000
0.999856 0.003647 0.016558 0.000000 -0.002735 0.998492 -0.054824 8.558700 -0.016733 0.054771 0.998359 0.000000 0.000000 0.000000 0.000000 1.000000
0.999930 0.004684 0.010894 0.000000 -0.004164 0.998871 -0.047327 8.558700 -0.011103 0.047278 0.998820 0.000000 0.000000 0.000000 0.000000 1.000000
0.999992 0.000242 0.003963 0.000000 -0.000079 0.999152 -0.041180 8.558700 -0.003969 0.041179 0.999144 -0.000000 0.000000 0.000000 0.000000 1.000000
0.999927 -0.010123 -0.006661 0.000000 0.009866 0.999246 -0.037547 8.558700 0.007036 0.037479 0.999273 -0.000000 0.000000 0.000000 0.000000 1.000000
0.999459 -0.026050 -0.020057 0.000000 0.025206 0.998832 -0.041232 8.558700 0.021108 0.040704 0.998948 0.000000 0.000000 0.000000 0.000000 1.000000
0.998441 -0.045856 -0.031821 -0.000000 0.044243 0.997785 -0.049672 8.558700 0.034028 0.048187 0.998259 0.000000 0.000000 0.000000 0.000000 1.000000
0.997193 -0.065561 -0.036173 -0.000000 0.063686 0.996678 -0.050763 8.558700 0.039381 0.048317 0.998055 0.000000 0.000000 0.000000 0.000000 1.000000
0.996642 -0.075413 -0.031891 0.000000 0.074053 0.996374 -0.041883 8.558700 0.034934 0.039381 0.998613 -0.000000 0.000000 0.000000 0.000000 1.000000
0.997395 -0.067610 -0.025130 -0.000000 0.066825 0.997286 -0.030895 8.558700 0.027151 0.029135 0.999207 -0.000000 0.000000 0.000000 0.000000 1.000000
0.998796 -0.043690 -0.022297 0.000000 0.043275 0.998887 -0.018746 8.558700 0.023091 0.017758 0.999576 0.000000 0.000000 0.000000 0.000000 1.000000
0.999671 -0.015035 -0.020792 0.000000 0.014931 0.999875 -0.005166 8.558700 0.020867 0.004854 0.999770 0.000000 0.000000 0.000000 0.000000 1.000000
0.999855 0.006696 -0.015666 0.000000 -0.006624 0.999967 0.004672 8.558700 0.015696 -0.004567 0.999866 0.000000 0.000000 0.000000 0.000000 1.000000
0.999764 0.019325 -0.009971 0.000000 -0.019232 0.999772 0.009262 8.558700 0.010148 -0.009068 0.999907 -0.000000 0.000000 0.000000 0.000000 1.000000
0.999780 0.019365 -0.008013 0.000000 -0.019285 0.999765 0.009915 8.558700 0.008203 -0.009758 0.999919 -0.000000 0.000000 0.000000 0.000000 1.000000
0.999904 0.009909 -0.009687 -0.000000 -0.009827 0.999916 0.008492 8.558700 0.009770 -0.008396 0.999917 0.000000 0.000000 0.000000 0.000000 1.000000
0.999907 0.003367 -0.013230 0.000000 -0.003238 0.999947 0.009782 8.558700 0.013262 -0.009738 0.999865 0.000000 0.000000 0.000000 0.000000 1.000000
0.999851 0.005470 -0.016388 -0.000000 -0.005216 0.999866 0.015491 8.558700 0.016470 -0.015403 0.999746 -0.000000 0.000000 0.000000 0.000000 1.000000
0.999763 0.011699 -0.018336 0.000000 -0.011323 0.999726 0.020479 8.558700 0.018571 -0.020267 0.999622 -0.000000 0.000000 0.000000 0.000000 1.000000
0.999685 0.015505 -0.019715 -0.000000 -0.015074 0.999648 0.021836 8.558700 0.020046 -0.021532 0.999567 0.000000 0.000000 0.000000 0.000000 1.000000
0.999675 0.013982 -0.021336 0.000000 -0.013539 0.999693 0.020747 8.558700 0.021620 -0.020451 0.999557 -0.000000 0.000000 0.000000 0.000000 1.000000
0.999693 0.007117 -0.023737 -0.000000 -0.006669 0.999799 0.018883 8.558700 0.023866 -0.018719 0.999540 0.000000 0.000000 0.000000 0.000000 1.000000
0.999631 -0.000587 -0.027144 0.000000 0.001051 0.999854 0.017082 8.558700 0.027130 -0.017104 0.999486 0.000000 0.000000 0.000000 0.000000 1.000000
0.999527 -0.001721 -0.030701 0.000000 0.002204 0.999874 0.015729 8.558700 0.030670 -0.015790 0.999405 0.000000 0.000000 0.000000 0.000000 1.000000
0.999468 0.005764 -0.032110 0.000000 -0.005265 0.999865 0.015595 8.558700 0.032196 -0.015417 0.999363 -0.000000 0.000000 0.000000 0.000000 1.000000
0.999410 0.016133 -0.030323 0.000000 -0.015621 0.999733 0.017039 8.558700 0.030590 -0.016556 0.999395 0.000000 0.000000 0.000000 0.000000 1.000000
0.999378 0.021812 -0.027697 0.000000 -0.021307 0.999604 0.018405 8.558700 0.028088 -0.017803 0.999447 0.000000 0.000000 0.000000 0.000000 1.000000
0.999430 0.019495 -0.027549 0.000000 -0.019006 0.999659 0.017917 8.558700 0.027889 -0.017383 0.999460 0.000000 0.000000 0.000000 0.000000 1.000000
